 16    22.252    22.247   113.921   113.916	! 750m lantau peak
   22.251   113.916   22.247   113.916   22.247   113.920   22.248   113.921
   22.252   113.920   22.252   113.919   22.251   113.916   22.251   113.916
 14    22.269    22.266   113.969   113.967	! 750m sunset peak
   22.269   113.968   22.267   113.967   22.266   113.968   22.267   113.969
   22.268   113.969   22.268   113.967   22.268   113.967
 24    22.420    22.403   114.143   114.120	! 750m tai mo shan
   22.418   114.131   22.418   114.130   22.411   114.131   22.406   114.132
   22.403   114.130   22.405   114.127   22.406   114.123   22.413   114.120
   22.416   114.122   22.419   114.124   22.420   114.127   22.418   114.131 
 38    22.274    22.258   113.913   113.898	! 500m nei lak shan  - lantau
   22.271   113.898   22.270   113.899   22.269   113.902   22.267   113.902
   22.265   113.904   22.260   113.905   22.258   113.907   22.258   113.910
   22.258   113.911   22.260   113.912   22.261   113.913   22.269   113.911
   22.272   113.910   22.272   113.907   22.274   113.906   22.272   113.902
   22.271   113.901   22.271   113.898   22.271   113.898
 32    22.255    22.243   113.932   113.910	! 500m lantau peak
   22.255   113.918   22.255   113.915   22.254   113.913   22.253   113.912
   22.252   113.911   22.245   113.910   22.243   113.913   22.243   113.917
   22.247   113.931   22.248   113.932   22.252   113.929   22.252   113.926
   22.253   113.924   22.254   113.922   22.255   113.913   22.255   113.913
 70    22.280    22.250   113.973   113.945	! 500m sunset peak - lantau
   22.280   113.959   22.276   113.958   22.276   113.960   22.264   113.963
   22.264   113.963   22.264   113.961   22.263   113.958   22.263   113.955
   22.264   113.950   22.262   113.949   22.262   113.945   22.253   113.945
   22.253   113.946   22.250   113.950   22.253   113.957   22.254   113.959
   22.254   113.963   22.253   113.963   22.256   113.967   22.258   113.968
   22.260   113.967   22.261   113.969   22.261   113.970   22.262   113.973
   22.271   113.971   22.271   113.971   22.276   113.971   22.277   113.969
   22.278   113.966   22.279   113.965   22.279   113.964   22.279   113.961
   22.280   113.960   22.279   113.959   22.279   113.959
 26    22.277    22.274   114.146   114.142	! 500m victoria peak - hk
   22.276   114.146   22.277   114.144   22.277   114.143   22.276   114.142
   22.276   114.142   22.275   114.142   22.274   114.142   22.274   114.143
   22.274   114.144   22.275   114.144   22.275   114.145   22.276   114.145
   22.276   114.145
 28    22.405    22.398   114.097   114.089	! 500m east of ho pui reservoir
   22.405   114.091   22.404   114.089   22.402   114.090   22.400   114.089
   22.398   114.090   22.400   114.093   22.401   114.094   22.402   114.095
   22.404   114.097   22.404   114.096   22.402   114.094   22.402   114.092
   22.405   114.090   22.405   114.090
 126    22.433    22.394   114.156   114.107	! 500m tai mo shan
   22.411   114.108   22.408   114.109   22.408   114.117   22.402   114.116
   22.398   114.119   22.398   114.120   22.400   114.121   22.401   114.124
   22.396   114.131   22.394   114.132   22.394   114.133   22.396   114.134
   22.396   114.135   22.397   114.136   22.397   114.138   22.402   114.138
   22.406   114.138   22.409   114.138   22.413   114.137   22.413   114.141
   22.411   114.143   22.411   114.143   22.409   114.145   22.408   114.147
   22.408   114.149   22.410   114.149   22.411   114.151   22.413   114.152
   22.413   114.154   22.414   114.156   22.420   114.155   22.422   114.154
   22.424   114.151   22.426   114.146   22.428   114.145   22.430   114.148
   22.432   114.149   22.432   114.145   22.433   114.141   22.432   114.140
   22.432   114.140   22.430   114.140   22.426   114.140   22.426   114.135
   22.426   114.135   22.426   114.134   22.425   114.131   22.429   114.131
   22.427   114.129   22.427   114.127   22.427   114.124   22.426   114.123
   22.425   114.123   22.423   114.123   22.420   114.121   22.418   114.119
   22.416   114.117   22.415   114.115   22.413   114.112   22.412   114.111
   22.412   114.109   22.411   114.107   22.411   114.107
 26    22.419    22.404   114.175   114.163	! 500m grassy hill
   22.419   114.170   22.415   114.163   22.413   114.164   22.405   114.168
   22.405   114.171   22.404   114.173   22.406   114.175   22.409   114.170
   22.409   114.169   22.413   114.171   22.414   114.173   22.419   114.170
   22.419   114.170
 12    22.457    22.450   114.119   114.116	! 500m tai to yan
   22.450   114.116   22.457   114.119   22.456   114.118   22.454   114.117
   22.450   114.116   22.450   114.116
 18    22.469    22.466   114.091   114.082	! 500m kai kung leng
   22.466   114.082   22.468   114.085   22.469   114.090   22.468   114.091
   22.467   114.090   22.467   114.088   22.466   114.087   22.466   114.082
   22.466   114.082
  36    22.420    22.403   114.254   114.242	! 500m ma on shan
    22.403   114.250    22.406   114.254    22.408   114.253    22.410   114.252
    22.410   114.252    22.411   114.251    22.413   114.251    22.414   114.251
    22.420   114.246    22.418   114.245    22.417   114.243    22.416   114.242
    22.416   114.245    22.414   114.248    22.407   114.248    22.407   114.250
    22.403   114.250    22.403   114.250
  18    22.382    22.374   114.235   114.226	! 500m buffalo hill
    22.378   114.226    22.374   114.231    22.377   114.235    22.382   114.232
    22.381   114.231    22.379   114.231    22.377   114.231    22.378   114.226
    22.378   114.226
  42    22.360    22.341   114.224   114.212	! 500m tate's cairn
    22.359   114.212    22.359   114.212    22.360   114.220    22.356   114.221
    22.354   114.221    22.352   114.221    22.349   114.223    22.348   114.223
    22.345   114.223    22.344   114.223    22.342   114.224    22.341   114.222
    22.341   114.222    22.345   114.220    22.350   114.220    22.353   114.220
    22.355   114.220    22.357   114.218    22.359   114.216    22.360   114.213
    22.359   114.213
 442    22.292    22.209   113.979   113.847	! 250m lantau island
   22.210   113.853   22.213   113.854   22.214   113.855   22.215   113.856
   22.217   113.857   22.217   113.859   22.215   113.861   22.215   113.863
   22.215   113.864   22.216   113.865   22.217   113.866   22.218   113.867
   22.219   113.868   22.219   113.869   22.220   113.870   22.220   113.872
   22.221   113.873   22.222   113.874   22.223   113.874   22.225   113.874
   22.226   113.875   22.227   113.875   22.229   113.877   22.229   113.878
   22.230   113.882   22.233   113.884   22.235   113.886   22.237   113.886
   22.241   113.889   22.243   113.891   22.245   113.891   22.247   113.892
   22.248   113.894   22.249   113.896   22.249   113.897   22.249   113.901
   22.248   113.902   22.248   113.904   22.247   113.906   22.246   113.908
   22.244   113.908   22.242   113.908   22.242   113.907   22.241   113.905
   22.240   113.905   22.240   113.905   22.239   113.908   22.238   113.910
   22.237   113.910   22.237   113.909   22.236   113.908   22.236   113.907
   22.235   113.908   22.233   113.908   22.232   113.909   22.232   113.910
   22.233   113.912   22.232   113.913   22.232   113.914   22.232   113.915
   22.234   113.919   22.234   113.920   22.235   113.921   22.238   113.923
   22.240   113.922   22.242   113.929   22.242   113.931   22.236   113.931
   22.235   113.932   22.235   113.934   22.237   113.937   22.240   113.938
   22.242   113.941   22.243   113.942   22.245   113.944   22.243   113.946
   22.242   113.949   22.243   113.951   22.244   113.954   22.244   113.954
   22.246   113.956   22.247   113.958   22.248   113.960   22.249   113.962
   22.249   113.963   22.249   113.965   22.249   113.967   22.250   113.969
   22.252   113.971   22.254   113.973   22.257   113.974   22.258   113.976
   22.259   113.976   22.261   113.979   22.262   113.979   22.263   113.979
   22.265   113.978   22.266   113.977   22.268   113.977   22.270   113.976
   22.271   113.976   22.273   113.977   22.273   113.977   22.275   113.977
   22.277   113.977   22.279   113.976   22.281   113.975   22.282   113.973
   22.283   113.972   22.284   113.970   22.284   113.969   22.285   113.968
   22.287   113.967   22.288   113.966   22.288   113.965   22.286   113.962
   22.286   113.962   22.289   113.961   22.291   113.961   22.292   113.961
   22.291   113.959   22.290   113.955   22.288   113.954   22.286   113.954
   22.285   113.952   22.285   113.951   22.284   113.949   22.284   113.947
   22.283   113.946   22.282   113.945   22.281   113.947   22.279   113.948
   22.278   113.949   22.277   113.949   22.278   113.952   22.279   113.955
   22.276   113.955   22.274   113.956   22.274   113.957   22.273   113.959
   22.272   113.959   22.270   113.958   22.270   113.959   22.268   113.960
   22.268   113.955   22.271   113.950   22.268   113.947   22.266   113.945
   22.270   113.942   22.273   113.940   22.273   113.937   22.271   113.937
   22.270   113.938   22.269   113.940   22.266   113.940   22.263   113.940
   22.261   113.939   22.258   113.940   22.256   113.940   22.254   113.940
   22.253   113.939   22.254   113.936   22.257   113.935   22.259   113.932
   22.260   113.931   22.262   113.928   22.260   113.927   22.260   113.924
   22.260   113.920   22.261   113.918   22.272   113.918   22.274   113.920
   22.279   113.918   22.278   113.911   22.282   113.910   22.283   113.904
   22.278   113.902   22.275   113.894   22.271   113.890   22.261   113.897
   22.261   113.892   22.251   113.894   22.260   113.882   22.266   113.878
   22.267   113.874   22.263   113.871   22.261   113.871   22.255   113.873
   22.254   113.872   22.253   113.873   22.253   113.880   22.252   113.884
   22.251   113.888   22.246   113.888   22.244   113.884   22.239   113.881
   22.238   113.875   22.236   113.876   22.238   113.870   22.239   113.868
   22.242   113.866   22.244   113.867   22.245   113.865   22.241   113.856
   22.233   113.856   22.230   113.859   22.226   113.859   22.228   113.856
   22.229   113.854   22.228   113.853   22.225   113.851   22.223   113.850
   22.221   113.850   22.220   113.848   22.218   113.847   22.216   113.848
   22.213   113.848   22.211   113.848   22.212   113.854   22.209   113.853
   22.209   113.853
 22    22.231    22.226   113.990   113.987	! 250m chi ma wan peninsula - lantau
   22.231   113.987   22.229   113.987   22.227   113.988   22.226   113.989
   22.227   113.990   22.229   113.988   22.229   113.988   22.230   113.987
   22.230   113.987   22.230   113.987   22.230   113.987
 32    22.308    22.284   114.005   113.987	! 250m lo fu tau - lantau
   22.308   114.003   22.305   113.996   22.303   113.992   22.301   113.989
   22.299   113.987   22.295   113.989   22.290   113.988   22.284   113.990
   22.285   113.997   22.292   113.999   22.298   114.002   22.302   114.005
   22.305   114.003   22.306   114.003   22.307   114.003   22.307   114.003
 14    22.195    22.188   114.129   114.124	! 250m lamma island
   22.189   114.124   22.189   114.128   22.193   114.129   22.195   114.126
   22.195   114.124   22.188   114.124   22.188   114.124
 28    22.238    22.226   114.208   114.201	! 250m the twins - hongkong
   22.227   114.206   22.228   114.205   22.229   114.204   22.229   114.203
   22.232   114.201   22.233   114.203   22.236   114.203   22.238   114.204
   22.238   114.208   22.234   114.208   22.232   114.207   22.229   114.206
   22.227   114.206   22.226   114.206
 32    22.259    22.242   114.207   114.193	! 250m violet hill - hongkong
   22.244   114.194   22.256   114.195   22.258   114.199   22.259   114.203
   22.257   114.205   22.254   114.207   22.252   114.206   22.250   114.204
   22.247   114.202   22.246   114.201   22.243   114.201   22.242   114.200
   22.242   114.198   22.244   114.196   22.244   114.193   22.243   114.193
 54    22.277    22.255   114.229   114.202	! 250m mt parker - hongkong
   22.256   114.223   22.257   114.224   22.263   114.224   22.265   114.228
   22.267   114.229   22.271   114.228   22.273   114.225   22.274   114.221
   22.275   114.219   22.273   114.218   22.271   114.217   22.271   114.213
   22.277   114.206   22.277   114.202   22.269   114.202   22.265   114.208
   22.264   114.209   22.264   114.211   22.264   114.214   22.261   114.215
   22.260   114.216   22.259   114.217   22.258   114.220   22.257   114.221
   22.256   114.223   22.255   114.223   22.255   114.223
 14    22.391    22.387   113.944   113.939	! 250m castle peak (tsing shan)
   22.390   113.940   22.389   113.939   22.387   113.941   22.387   113.942
   22.391   113.944   22.391   113.941   22.391   113.941
 16    22.423    22.414   113.960   113.954	! 250m ridge north of castle peak
   22.423   113.955   22.419   113.954   22.416   113.954   22.414   113.956
   22.414   113.959   22.419   113.960   22.423   113.955   22.423   113.955
 90    22.424    22.383   114.019   113.986	! 250m peak ne castle peak bay
   22.395   113.986   22.389   113.986   22.386   113.986   22.384   113.989
   22.383   113.995   22.385   113.996   22.384   114.001   22.386   114.006
   22.387   114.008   22.387   114.010   22.389   114.010   22.389   114.012
   22.390   114.013   22.390   114.016   22.389   114.016   22.394   114.019
   22.397   114.014   22.407   114.012   22.408   114.009   22.412   114.009
   22.414   114.008   22.419   114.008   22.421   114.008   22.423   114.008
   22.424   114.006   22.422   114.007   22.421   114.007   22.420   114.005
   22.418   114.004   22.412   114.005   22.408   114.005   22.405   114.005
   22.404   114.004   22.405   114.002   22.399   114.002   22.399   114.001
   22.400   113.999   22.402   114.000   22.404   114.000   22.405   113.999
   22.406   113.998   22.407   113.995   22.395   113.994   22.394   113.986
   22.394   113.986
 380    22.476    22.364   114.204   114.032	! 250m tai mo shan
   22.364   114.033   22.367   114.037   22.369   114.039   22.372   114.041
   22.373   114.046   22.376   114.048   22.379   114.048   22.382   114.049
   22.382   114.051   22.381   114.053   22.378   114.053   22.380   114.058
   22.383   114.061   22.384   114.064   22.383   114.069   22.385   114.071
   22.386   114.074   22.385   114.075   22.381   114.075   22.379   114.074
   22.378   114.076   22.376   114.078   22.377   114.081   22.375   114.085
   22.375   114.089   22.378   114.096   22.380   114.098   22.383   114.096
   22.388   114.097   22.392   114.100   22.392   114.104   22.394   114.106
   22.388   114.112   22.384   114.117   22.384   114.121   22.392   114.124
   22.392   114.125   22.386   114.131   22.386   114.133   22.388   114.145
   22.392   114.147   22.395   114.146   22.398   114.148   22.401   114.146
   22.400   114.150   22.403   114.153   22.405   114.155   22.403   114.157
   22.400   114.156   22.398   114.158   22.395   114.156   22.393   114.156
   22.392   114.157   22.394   114.161   22.383   114.151   22.379   114.157
   22.381   114.159   22.379   114.162   22.384   114.164   22.386   114.166
   22.390   114.169   22.390   114.172   22.389   114.175   22.390   114.177
   22.393   114.178   22.394   114.178   22.394   114.181   22.397   114.182
   22.399   114.178   22.401   114.178   22.403   114.181   22.406   114.183
   22.407   114.185   22.411   114.185   22.413   114.186   22.408   114.191
   22.407   114.194   22.408   114.199   22.413   114.195   22.416   114.192
   22.417   114.192   22.420   114.193   22.421   114.196   22.418   114.198
   22.416   114.202   22.416   114.204   22.418   114.201   22.420   114.198
   22.422   114.195   22.425   114.193   22.427   114.195   22.430   114.192
   22.428   114.186   22.425   114.185   22.422   114.183   22.421   114.180
   22.423   114.179   22.428   114.179   22.429   114.174   22.428   114.168
   22.422   114.166   22.421   114.163   22.428   114.156   22.433   114.159
   22.437   114.150   22.437   114.146   22.439   114.142   22.436   114.135
   22.432   114.133   22.430   114.133   22.433   114.131   22.435   114.127
   22.435   114.121   22.435   114.117   22.439   114.115   22.442   114.109
   22.445   114.108   22.450   114.110   22.456   114.112   22.458   114.115
   22.461   114.115   22.464   114.116   22.465   114.120   22.469   114.119
   22.471   114.122   22.472   114.124   22.474   114.127   22.475   114.131
   22.476   114.135   22.475   114.138   22.474   114.140   22.470   114.138
   22.465   114.135   22.462   114.134   22.459   114.131   22.456   114.127
   22.453   114.125   22.451   114.124   22.449   114.124   22.446   114.122
   22.443   114.119   22.441   114.118   22.438   114.117   22.435   114.117
   22.432   114.118   22.428   114.116   22.425   114.116   22.423   114.116
   22.420   114.114   22.418   114.110   22.420   114.099   22.415   114.096
   22.414   114.092   22.410   114.094   22.412   114.086   22.412   114.081
   22.406   114.082   22.402   114.077   22.406   114.068   22.405   114.063
   22.402   114.060   22.399   114.064   22.397   114.063   22.392   114.065
   22.390   114.065   22.385   114.064   22.385   114.061   22.389   114.055
   22.388   114.052   22.385   114.051   22.382   114.050   22.380   114.045
   22.383   114.042   22.382   114.041   22.380   114.044   22.379   114.045
   22.378   114.041   22.376   114.043   22.373   114.043   22.371   114.041
   22.371   114.038   22.374   114.036   22.376   114.034   22.374   114.033
   22.372   114.032   22.370   114.033   22.368   114.034   22.366   114.034
   22.364   114.033   22.364   114.033
 44    22.474    22.458   114.100   114.061	! 250m kai kung leng
   22.465   114.061   22.468   114.069   22.467   114.075   22.468   114.080
   22.473   114.087   22.474   114.093   22.472   114.097   22.470   114.100
   22.466   114.099   22.464   114.097   22.462   114.094   22.460   114.092
   22.460   114.090   22.458   114.089   22.458   114.085   22.459   114.081
   22.458   114.080   22.462   114.074   22.463   114.070   22.464   114.067
   22.464   114.061   22.464   114.061
 12    22.485    22.481   114.092   114.086	! 250m north of kai kung leng
   22.484   114.086   22.485   114.090   22.482   114.092   22.481   114.090
   22.485   114.086   22.485   114.086
 214    22.424    22.338   114.264   114.156	! 250m sha tin to sai kung
    22.349   114.156    22.347   114.161    22.349   114.162    22.350   114.164
    22.348   114.167    22.347   114.173    22.350   114.175    22.351   114.180
    22.351   114.182    22.352   114.185    22.352   114.192    22.354   114.193
    22.354   114.194    22.354   114.194    22.354   114.197    22.356   114.202
    22.354   114.210    22.353   114.215    22.348   114.215    22.342   114.217
    22.338   114.221    22.338   114.225    22.339   114.227    22.351   114.229
    22.355   114.229    22.357   114.230    22.367   114.228    22.369   114.229
    22.368   114.232    22.365   114.237    22.365   114.239    22.365   114.242
    22.376   114.244    22.377   114.245    22.384   114.246    22.388   114.248
    22.388   114.254    22.397   114.255    22.403   114.258    22.405   114.259
    22.407   114.261    22.412   114.264    22.413   114.262    22.413   114.261
    22.414   114.257    22.412   114.256    22.417   114.253    22.418   114.252
    22.424   114.252    22.424   114.251    22.421   114.247    22.423   114.244
    22.420   114.243    22.420   114.241    22.417   114.238    22.416   114.235
    22.411   114.236    22.408   114.238    22.408   114.243    22.404   114.244
    22.405   114.240    22.406   114.233    22.400   114.235    22.397   114.236
    22.397   114.239    22.395   114.241    22.393   114.238    22.390   114.240
    22.388   114.243    22.385   114.242    22.391   114.233    22.391   114.230
    22.393   114.229    22.395   114.228    22.400   114.223    22.395   114.221
    22.392   114.218    22.390   114.222    22.391   114.229    22.385   114.225
    22.383   114.227    22.379   114.221    22.373   114.222    22.377   114.219
    22.376   114.216    22.372   114.215    22.369   114.216    22.367   114.213
    22.374   114.208    22.372   114.206    22.368   114.208    22.367   114.208
    22.371   114.203    22.363   114.201    22.369   114.195    22.362   114.192
    22.363   114.191    22.358   114.182    22.354   114.181    22.357   114.177
    22.355   114.176    22.356   114.168    22.355   114.165    22.352   114.165
    22.352   114.158    22.349   114.157    22.348   114.157
  20    22.335    22.323   114.242   114.230	! 250m tseng kwan o
    22.333   114.230    22.326   114.233    22.323   114.239    22.326   114.242
    22.328   114.242    22.333   114.239    22.334   114.234    22.335   114.232
    22.333   114.230    22.332   114.230
  22    22.422    22.404   114.290   114.281	! 250m kai kung shan
    22.404   114.287    22.411   114.285    22.415   114.281    22.419   114.282
    22.422   114.287    22.422   114.290    22.415   114.290    22.416   114.287
    22.412   114.286    22.404   114.287    22.404   114.286
  14    22.406    22.401   114.310   114.303	! 250m ne of tai mong tsai
    22.404   114.303    22.401   114.307    22.402   114.310    22.406   114.309
    22.406   114.305    22.404   114.303    22.404   114.303
  16    22.419    22.412   114.305   114.298	! 250m se of kai kung shan
    22.419   114.298    22.413   114.300    22.413   114.304    22.412   114.305
    22.415   114.305    22.419   114.303    22.418   114.298    22.418   114.298
  56    22.448    22.418   114.325   114.295	! 250m shek uk sham
    22.448   114.319    22.441   114.312    22.438   114.316    22.433   114.315
    22.430   114.318    22.426   114.325    22.423   114.322    22.423   114.321
    22.418   114.320    22.418   114.318    22.421   114.315    22.424   114.314
    22.427   114.312    22.428   114.307    22.424   114.305    22.421   114.304
    22.421   114.303    22.430   114.298    22.432   114.300    22.436   114.295
    22.439   114.295    22.442   114.297    22.446   114.297    22.444   114.302
    22.446   114.307    22.448   114.312    22.448   114.318    22.448   114.318
  16    22.468    22.457   114.316   114.306	! 250m mt hallowes
    22.457   114.306    22.457   114.312    22.465   114.316    22.468   114.313
    22.465   114.307    22.461   114.308    22.457   114.306    22.457   114.306
  34    22.419    22.398   114.351   114.332	! 250m north of high island reservoir
    22.419   114.336    22.414   114.336    22.411   114.335    22.404   114.332
    22.403   114.338    22.399   114.345    22.398   114.349    22.399   114.351
    22.404   114.346    22.410   114.341    22.411   114.341    22.410   114.347
    22.412   114.347    22.416   114.345    22.416   114.341    22.419   114.335
    22.419   114.335
  16    22.369    22.362   114.344   114.336	! 250m se of high island reservoir
    22.369   114.336    22.366   114.336    22.364   114.338    22.362   114.341
    22.364   114.344    22.369   114.340    22.369   114.336    22.369   114.336
  12    22.362    22.359   114.366   114.361	! 250m sw of high island reservoir
    22.361   114.361    22.359   114.364    22.359   114.366    22.362   114.365
    22.362   114.361    22.361   114.361
  14    22.393    22.387   114.374   114.369	! 250m near sai wan
    22.387   114.370    22.389   114.374    22.392   114.372    22.393   114.370
    22.392   114.369    22.387   114.370    22.388   114.370
  12    22.420    22.416   114.361   114.353	! 250m near tai long
    22.417   114.354    22.417   114.361    22.420   114.360    22.420   114.358
    22.416   114.353    22.416   114.353
  22    22.435    22.425   114.380   114.367	! 250m sharp peak
    22.426   114.372    22.429   114.371    22.431   114.375    22.431   114.377
    22.430   114.379    22.434   114.380    22.435   114.368    22.431   114.367
    22.430   114.367    22.425   114.372    22.425   114.372
  42    22.497    22.467   114.181   114.166	! 250m cloudy hill
    22.468   114.166    22.474   114.170    22.478   114.167    22.482   114.168
    22.484   114.169    22.489   114.171    22.494   114.174    22.497   114.178
    22.496   114.180    22.494   114.178    22.490   114.179    22.490   114.180
    22.488   114.179    22.485   114.181    22.482   114.179    22.478   114.178
    22.477   114.175    22.476   114.172    22.474   114.171    22.467   114.167
    22.467   114.167
  18    22.498    22.491   114.168   114.158	! 250m ne of cloudy hill
    22.494   114.158    22.496   114.162    22.498   114.166    22.496   114.168
    22.493   114.166    22.492   114.162    22.491   114.161    22.494   114.158
    22.494   114.158
 106    22.517    22.475   114.237   114.185	! 250m wong leng
    22.475   114.186    22.480   114.191    22.483   114.191    22.485   114.192
    22.487   114.198    22.491   114.200    22.492   114.197    22.493   114.191
    22.498   114.185    22.505   114.185    22.507   114.191    22.513   114.190
    22.514   114.191    22.517   114.189    22.516   114.194    22.516   114.196
    22.516   114.197    22.515   114.199    22.515   114.203    22.511   114.203
    22.509   114.206    22.512   114.211    22.508   114.213    22.508   114.217
    22.509   114.219    22.510   114.221    22.504   114.224    22.502   114.227
    22.497   114.231    22.496   114.235    22.494   114.236    22.492   114.236
    22.489   114.237    22.485   114.233    22.485   114.231    22.485   114.225
    22.486   114.221    22.488   114.218    22.490   114.215    22.489   114.212
    22.487   114.209    22.484   114.205    22.484   114.204    22.483   114.203
    22.483   114.201    22.483   114.198    22.483   114.196    22.481   114.194
    22.480   114.192    22.478   114.190    22.477   114.188    22.475   114.186
    22.475   114.186
  36    22.520    22.512   114.261   114.235	! 250m north of plover cove reservoir
    22.520   114.235    22.520   114.243    22.520   114.246    22.519   114.251
    22.518   114.254    22.518   114.258    22.518   114.260    22.518   114.261
    22.516   114.261    22.514   114.259    22.512   114.257    22.514   114.253
    22.516   114.249    22.517   114.245    22.517   114.241    22.518   114.238
    22.520   114.235    22.520   114.235
  66    22.557    22.537   114.209   114.179	! 250m robin's nest
    22.538   114.179    22.541   114.183    22.544   114.185    22.546   114.187
    22.548   114.188    22.550   114.189    22.553   114.190    22.555   114.189
    22.552   114.192    22.554   114.194    22.551   114.197    22.551   114.199
    22.551   114.200    22.556   114.202    22.556   114.205    22.557   114.205
    22.554   114.209    22.552   114.208    22.548   114.205    22.546   114.204
    22.545   114.202    22.543   114.200    22.543   114.199    22.541   114.197
    22.539   114.193    22.539   114.191    22.541   114.190    22.540   114.188
    22.539   114.186    22.538   114.183    22.539   114.180    22.537   114.179
    22.537   114.179
 74    22.282    22.253   114.170   114.131
   22.253   114.146   22.257   114.145   22.263   114.140   22.266   114.141
   22.269   114.142   22.268   114.137   22.268   114.135   22.275   114.131
   22.276   114.135   22.278   114.135   22.281   114.134   22.282   114.145
   22.282   114.147   22.275   114.154   22.275   114.158   22.274   114.161
   22.274   114.163   22.271   114.165   22.272   114.168   22.271   114.170
   22.269   114.170   22.268   114.164   22.263   114.161   22.264   114.158
   22.262   114.157   22.258   114.156   22.256   114.155   22.258   114.156
   22.259   114.156   22.260   114.157   22.262   114.156   22.262   114.153
   22.261   114.152   22.259   114.151   22.256   114.148   22.254   114.146
   22.254   114.145
