
colortable nowrad
	0.100	0.150	0.600
	1.000	1.000	0.000
	0.000	0.000	0.000
	1.000	0.000	0.000
	0.700	0.700	0.700
	0.613	0.195	0.918
	0.543	0.234	0.910
	0.469	0.277	0.902
	0.398	0.320	0.895
	0.328	0.363	0.887
	0.258	0.410	0.879
	0.188	0.453	0.867
	0.121	0.500	0.859
	0.055	0.547	0.848
	0.016	0.605	0.816
	0.012	0.660	0.742
	0.008	0.711	0.656
	0.008	0.754	0.570
	0.004	0.797	0.480
	0.004	0.840	0.391
	0.000	0.867	0.301
	0.000	0.871	0.215
	0.000	0.852	0.141
	0.000	0.812	0.086
	0.000	0.766	0.047
	0.000	0.719	0.023
	0.000	0.676	0.012
	0.016	0.637	0.020
	0.062	0.613	0.062
	0.168	0.613	0.168
	0.324	0.629	0.324
	0.504	0.652	0.504
	0.781	0.781	0.781
	0.695	0.621	0.551
	0.703	0.582	0.453
	0.715	0.551	0.379
	0.730	0.539	0.340
	0.746	0.539	0.320
	0.770	0.547	0.309
	0.797	0.555	0.289
	0.828	0.559	0.258
	0.859	0.559	0.215
	0.895	0.562	0.168
	0.922	0.570	0.125
	0.945	0.582	0.086
	0.961	0.602	0.059
	0.969	0.625	0.043
	0.973	0.648	0.039
	0.973	0.672	0.055
	0.973	0.691	0.082
	0.969	0.699	0.121
	0.969	0.695	0.176
	0.973	0.680	0.238
	0.977	0.652	0.301
	0.980	0.613	0.352
	0.984	0.566	0.383
	0.988	0.512	0.395
	0.992	0.449	0.379
	0.996	0.383	0.344
	0.996	0.312	0.293
	0.996	0.242	0.234
	0.996	0.172	0.168
	0.996	0.105	0.105
	0.996	0.047	0.047
endtable
