 600    38.200    37.000   -96.500   -97.300 
    38.136   -96.981    38.136   -96.978    38.137   -96.976    38.137   -96.973
    38.138   -96.971    38.138   -96.968    38.137   -96.966    38.135   -96.965
    38.133   -96.963    38.132   -96.962    38.132   -96.962    38.131   -96.958
    38.129   -96.956    38.128   -96.953    38.127   -96.951    38.126   -96.949
    38.124   -96.948    38.122   -96.946    38.122   -96.943    38.120   -96.942
    38.117   -96.941    38.117   -96.938    38.116   -96.937    38.114   -96.935
    38.112   -96.934    38.111   -96.932    38.111   -96.929    38.110   -96.927
    38.109   -96.924    38.109   -96.924    38.112   -96.923    38.113   -96.922
    38.116   -96.921    38.117   -96.919    38.120   -96.918    38.121   -96.916
    38.123   -96.915    38.125   -96.913    38.127   -96.912    38.127   -96.912
    38.126   -96.909    38.124   -96.908    38.122   -96.906    38.121   -96.904
    38.119   -96.903    38.117   -96.903    38.114   -96.903    38.112   -96.903
    38.109   -96.903    38.107   -96.903    38.104   -96.904    38.104   -96.904
    38.102   -96.902    38.102   -96.899    38.101   -96.897    38.099   -96.895
    38.098   -96.893    38.097   -96.891    38.094   -96.890    38.094   -96.890
    38.092   -96.889    38.090   -96.888    38.087   -96.887    38.086   -96.885
    38.085   -96.883    38.083   -96.878    38.083   -96.878    38.086   -96.878
    38.087   -96.876    38.088   -96.873    38.088   -96.871    38.089   -96.868
    38.089   -96.868    38.092   -96.868    38.094   -96.867    38.094   -96.864
    38.094   -96.862    38.094   -96.859    38.094   -96.857    38.093   -96.854
    38.093   -96.852    38.093   -96.849    38.092   -96.847    38.093   -96.844
    38.094   -96.842    38.094   -96.839    38.094   -96.837    38.094   -96.834
    38.092   -96.833    38.091   -96.831    38.089   -96.829    38.089   -96.829
    38.088   -96.827    38.088   -96.827    38.088   -96.824    38.087   -96.823
    38.084   -96.822    38.082   -96.823    38.082   -96.823    38.077   -96.824
    38.075   -96.824    38.072   -96.824    38.070   -96.825    38.067   -96.826
    38.065   -96.827    38.062   -96.827    38.060   -96.827    38.057   -96.828
    38.055   -96.828    38.053   -96.829    38.052   -96.831    38.052   -96.831
    38.050   -96.828    38.051   -96.826    38.052   -96.823    38.053   -96.822
    38.054   -96.819    38.055   -96.817    38.055   -96.814    38.055   -96.812
    38.055   -96.809    38.057   -96.808    38.057   -96.805    38.060   -96.805
    38.061   -96.803    38.063   -96.801    38.063   -96.801    38.066   -96.801
    38.068   -96.800    38.070   -96.799    38.072   -96.797    38.073   -96.795
    38.075   -96.794    38.077   -96.792    38.078   -96.790    38.079   -96.788
    38.082   -96.787    38.083   -96.785    38.085   -96.784    38.085   -96.784
    38.086   -96.781    38.085   -96.779    38.084   -96.776    38.082   -96.774
    38.082   -96.772    38.082   -96.769    38.082   -96.767    38.082   -96.764
    38.080   -96.763    38.079   -96.760    38.077   -96.759    38.075   -96.758
    38.074   -96.755    38.072   -96.754    38.072   -96.751    38.072   -96.749
    38.071   -96.746    38.071   -96.746    38.073   -96.746    38.076   -96.746
    38.078   -96.746    38.080   -96.744    38.081   -96.742    38.082   -96.739
    38.083   -96.738    38.085   -96.736    38.085   -96.734    38.085   -96.731
    38.085   -96.729    38.085   -96.726    38.083   -96.724    38.082   -96.723
    38.081   -96.720    38.080   -96.718    38.078   -96.716    38.077   -96.714
    38.076   -96.712    38.074   -96.710    38.074   -96.710    38.073   -96.708
    38.072   -96.706    38.072   -96.706    38.072   -96.702    38.074   -96.700
    38.077   -96.698    38.077   -96.698    38.077   -96.695    38.079   -96.694
    38.081   -96.692    38.082   -96.689    38.084   -96.689    38.084   -96.686
    38.084   -96.686    38.082   -96.682    38.082   -96.682    38.085   -96.679
    38.085   -96.676    38.086   -96.674    38.087   -96.671    38.087   -96.669
    38.090   -96.668    38.092   -96.666    38.093   -96.664    38.092   -96.662
    38.091   -96.660    38.092   -96.658    38.092   -96.655    38.092   -96.653
    38.092   -96.650    38.090   -96.649    38.090   -96.647    38.091   -96.644
    38.093   -96.644    38.094   -96.641    38.096   -96.639    38.096   -96.639
    38.094   -96.638    38.092   -96.637    38.089   -96.636    38.087   -96.634
    38.087   -96.632    38.084   -96.631    38.083   -96.629    38.082   -96.627
    38.080   -96.625    38.078   -96.624    38.077   -96.621    38.076   -96.619
    38.076   -96.617    38.074   -96.615    38.073   -96.613    38.072   -96.611
    38.070   -96.609    38.071   -96.607    38.070   -96.604    38.068   -96.603
    38.067   -96.601    38.066   -96.599    38.064   -96.597    38.062   -96.595
    38.062   -96.595    38.060   -96.593    38.057   -96.592    38.057   -96.590
    38.056   -96.588    38.053   -96.587    38.052   -96.585    38.049   -96.585
    38.047   -96.583    38.045   -96.582    38.045   -96.582    38.047   -96.580
    38.049   -96.579    38.051   -96.577    38.052   -96.575    38.055   -96.575
    38.057   -96.573    38.058   -96.571    38.059   -96.569    38.059   -96.566
    38.058   -96.564    38.058   -96.561    38.057   -96.560    38.056   -96.557
    38.054   -96.555    38.052   -96.554    38.051   -96.552    38.048   -96.551
    38.046   -96.551    38.043   -96.551    38.041   -96.551    38.038   -96.551
    38.036   -96.552    38.034   -96.554    38.032   -96.555    38.029   -96.555
    38.029   -96.558    38.029   -96.558    38.026   -96.555    38.024   -96.554
    38.024   -96.554    38.020   -96.555    38.018   -96.557    38.018   -96.557
    38.018   -96.560    38.017   -96.562    38.017   -96.565    38.017   -96.567
    38.014   -96.568    38.012   -96.568    38.009   -96.568    38.007   -96.569
    38.004   -96.568    38.002   -96.570    38.001   -96.571    37.999   -96.573
    37.998   -96.575    37.996   -96.576    37.993   -96.577    37.992   -96.579
 600    38.200    37.000   -96.500   -97.300 
    37.990   -96.580    37.990   -96.580    37.987   -96.582    37.984   -96.583
    37.982   -96.583    37.979   -96.583    37.977   -96.582    37.974   -96.582
    37.972   -96.582    37.969   -96.581    37.968   -96.580    37.966   -96.578
    37.963   -96.578    37.963   -96.578    37.962   -96.575    37.960   -96.573
    37.960   -96.570    37.958   -96.569    37.959   -96.566    37.958   -96.564
    37.957   -96.562    37.955   -96.560    37.953   -96.559    37.953   -96.556
    37.952   -96.554    37.949   -96.553    37.949   -96.555    37.948   -96.557
    37.946   -96.559    37.943   -96.560    37.942   -96.558    37.939   -96.558
    37.937   -96.558    37.935   -96.556    37.933   -96.555    37.930   -96.555
    37.928   -96.556    37.925   -96.556    37.923   -96.557    37.921   -96.559
    37.919   -96.560    37.917   -96.561    37.915   -96.563    37.913   -96.565
    37.911   -96.564    37.911   -96.564    37.910   -96.566    37.909   -96.569
    37.909   -96.571    37.908   -96.574    37.909   -96.576    37.909   -96.579
    37.909   -96.581    37.910   -96.585    37.910   -96.585    37.906   -96.585
    37.904   -96.584    37.902   -96.584    37.899   -96.584    37.898   -96.585
    37.896   -96.587    37.893   -96.588    37.891   -96.589    37.891   -96.589
    37.888   -96.587    37.886   -96.587    37.883   -96.587    37.881   -96.587
    37.878   -96.586    37.876   -96.587    37.873   -96.587    37.872   -96.589
    37.869   -96.589    37.869   -96.589    37.867   -96.588    37.864   -96.587
    37.863   -96.585    37.860   -96.585    37.858   -96.583    37.857   -96.581
    37.856   -96.579    37.854   -96.577    37.853   -96.575    37.851   -96.574
    37.848   -96.573    37.847   -96.571    37.844   -96.572    37.842   -96.571
    37.841   -96.569    37.838   -96.569    37.836   -96.569    37.833   -96.570
    37.831   -96.570    37.828   -96.570    37.828   -96.570    37.828   -96.573
    37.830   -96.575    37.829   -96.577    37.830   -96.580    37.828   -96.581
    37.825   -96.579    37.825   -96.579    37.821   -96.578    37.818   -96.579
    37.816   -96.580    37.813   -96.580    37.812   -96.581    37.810   -96.583
    37.808   -96.583    37.808   -96.580    37.808   -96.578    37.806   -96.576
    37.803   -96.575    37.801   -96.575    37.799   -96.573    37.800   -96.570
    37.799   -96.568    37.797   -96.567    37.794   -96.566    37.793   -96.565
    37.790   -96.565    37.788   -96.565    37.788   -96.567    37.786   -96.569
    37.784   -96.568    37.781   -96.568    37.779   -96.566    37.779   -96.564
    37.777   -96.562    37.775   -96.560    37.773   -96.560    37.770   -96.561
    37.769   -96.563    37.767   -96.561    37.765   -96.560    37.763   -96.559
    37.760   -96.560    37.758   -96.560    37.758   -96.560    37.756   -96.557
    37.755   -96.555    37.755   -96.552    37.754   -96.550    37.752   -96.550
    37.749   -96.550    37.749   -96.550    37.748   -96.549    37.747   -96.546
    37.746   -96.544    37.744   -96.542    37.742   -96.542    37.739   -96.542
    37.738   -96.544    37.736   -96.545    37.734   -96.546    37.731   -96.546
    37.731   -96.546    37.729   -96.545    37.729   -96.545    37.725   -96.546
    37.723   -96.547    37.722   -96.545    37.719   -96.545    37.717   -96.545
    37.714   -96.546    37.712   -96.546    37.709   -96.545    37.709   -96.545
    37.709   -96.543    37.709   -96.540    37.709   -96.538    37.708   -96.535
    37.707   -96.533    37.707   -96.530    37.706   -96.528    37.706   -96.525
    37.704   -96.524    37.703   -96.522    37.701   -96.520    37.700   -96.518
    37.699   -96.515    37.699   -96.515    37.696   -96.515    37.694   -96.515
    37.692   -96.517    37.691   -96.520    37.691   -96.522    37.689   -96.523
    37.689   -96.525    37.689   -96.528    37.687   -96.530    37.684   -96.529
    37.682   -96.529    37.679   -96.528    37.677   -96.527    37.674   -96.527
    37.672   -96.526    37.669   -96.526    37.668   -96.528    37.666   -96.530
    37.665   -96.532    37.663   -96.533    37.661   -96.535    37.661   -96.535
    37.658   -96.534    37.656   -96.532    37.654   -96.530    37.652   -96.531
    37.649   -96.530    37.649   -96.528    37.648   -96.526    37.647   -96.524
    37.647   -96.521    37.645   -96.520    37.644   -96.518    37.644   -96.515
    37.641   -96.515    37.639   -96.515    37.636   -96.515    37.634   -96.515
    37.633   -96.518    37.631   -96.520    37.629   -96.521    37.627   -96.520
    37.624   -96.520    37.623   -96.521    37.623   -96.521    37.619   -96.521
    37.618   -96.520    37.617   -96.517    37.617   -96.517    37.614   -96.515
    37.613   -96.514    37.611   -96.512    37.609   -96.510    37.607   -96.510
    37.604   -96.510    37.602   -96.510    37.600   -96.512    37.598   -96.513
    37.596   -96.515    37.596   -96.517    37.598   -96.519    37.600   -96.519
    37.600   -96.521    37.602   -96.523    37.604   -96.525    37.606   -96.525
    37.609   -96.525    37.611   -96.525    37.613   -96.527    37.615   -96.529
    37.615   -96.529    37.613   -96.530    37.611   -96.532    37.611   -96.535
    37.610   -96.537    37.610   -96.540    37.611   -96.542    37.609   -96.543
    37.606   -96.543    37.604   -96.543    37.601   -96.544    37.601   -96.544
    37.597   -96.544    37.595   -96.543    37.592   -96.542    37.592   -96.545
    37.590   -96.546    37.589   -96.548    37.589   -96.548    37.586   -96.545
    37.585   -96.543    37.582   -96.543    37.580   -96.542    37.578   -96.540
    37.575   -96.540    37.573   -96.540    37.571   -96.542    37.569   -96.541
    37.566   -96.540    37.565   -96.542    37.563   -96.544    37.563   -96.544
    37.559   -96.545    37.557   -96.547    37.555   -96.548    37.555   -96.550
    37.553   -96.552    37.550   -96.553    37.549   -96.555    37.546   -96.555
    37.545   -96.557    37.543   -96.559    37.541   -96.560    37.540   -96.562
    37.539   -96.565    37.537   -96.566    37.536   -96.569    37.536   -96.569
 600    38.200    37.000   -96.500   -97.300 
    37.536   -96.571    37.538   -96.573    37.538   -96.575    37.538   -96.578
    37.537   -96.580    37.537   -96.583    37.535   -96.585    37.535   -96.587
    37.535   -96.590    37.532   -96.590    37.530   -96.590    37.528   -96.591
    37.527   -96.594    37.527   -96.596    37.526   -96.599    37.525   -96.600
    37.522   -96.601    37.520   -96.603    37.519   -96.604    37.517   -96.606
    37.517   -96.606    37.516   -96.609    37.515   -96.611    37.513   -96.613
    37.512   -96.615    37.510   -96.617    37.510   -96.619    37.508   -96.621
    37.505   -96.622    37.505   -96.624    37.502   -96.625    37.500   -96.627
    37.499   -96.629    37.499   -96.629    37.496   -96.632    37.498   -96.634
    37.500   -96.635    37.501   -96.637    37.502   -96.639    37.502   -96.642
    37.502   -96.644    37.502   -96.647    37.504   -96.649    37.504   -96.651
    37.505   -96.653    37.505   -96.655    37.505   -96.655    37.502   -96.655
    37.500   -96.654    37.500   -96.651    37.498   -96.653    37.495   -96.653
    37.493   -96.653    37.490   -96.653    37.488   -96.654    37.485   -96.654
    37.483   -96.654    37.480   -96.654    37.479   -96.655    37.476   -96.655
    37.475   -96.657    37.475   -96.657    37.475   -96.659    37.475   -96.662
    37.473   -96.664    37.470   -96.664    37.469   -96.666    37.466   -96.666
    37.465   -96.669    37.464   -96.670    37.461   -96.670    37.460   -96.673
    37.460   -96.675    37.458   -96.677    37.456   -96.679    37.454   -96.679
    37.451   -96.679    37.449   -96.679    37.446   -96.679    37.444   -96.679
    37.441   -96.679    37.440   -96.681    37.437   -96.682    37.436   -96.684
    37.434   -96.685    37.432   -96.687    37.430   -96.689    37.429   -96.690
    37.427   -96.692    37.425   -96.691    37.422   -96.691    37.420   -96.691
    37.417   -96.690    37.415   -96.691    37.413   -96.693    37.411   -96.694
    37.409   -96.694    37.406   -96.695    37.404   -96.696    37.402   -96.698
    37.401   -96.699    37.399   -96.701    37.396   -96.702    37.396   -96.704
    37.393   -96.704    37.391   -96.706    37.389   -96.706    37.387   -96.708
    37.385   -96.708    37.383   -96.709    37.381   -96.711    37.380   -96.713
    37.378   -96.714    37.376   -96.714    37.374   -96.716    37.373   -96.719
    37.373   -96.721    37.373   -96.724    37.374   -96.726    37.375   -96.729
    37.375   -96.731    37.374   -96.734    37.374   -96.736    37.374   -96.739
    37.373   -96.741    37.371   -96.741    37.368   -96.742    37.366   -96.744
    37.366   -96.746    37.366   -96.749    37.364   -96.750    37.363   -96.753
    37.361   -96.754    37.360   -96.756    37.359   -96.759    37.357   -96.760
    37.356   -96.763    37.356   -96.767    37.356   -96.769    37.356   -96.769
    37.355   -96.772    37.353   -96.774    37.351   -96.775    37.350   -96.777
    37.347   -96.778    37.345   -96.778    37.345   -96.780    37.343   -96.782
    37.341   -96.784    37.341   -96.786    37.340   -96.788    37.340   -96.790
    37.338   -96.792    37.337   -96.794    37.336   -96.796    37.334   -96.798
    37.334   -96.798    37.331   -96.800    37.330   -96.802    37.329   -96.804
    37.327   -96.806    37.327   -96.806    37.325   -96.808    37.322   -96.809
    37.321   -96.811    37.320   -96.813    37.318   -96.815    37.316   -96.816
    37.313   -96.817    37.311   -96.818    37.311   -96.821    37.310   -96.823
    37.308   -96.825    37.306   -96.827    37.306   -96.829    37.304   -96.831
    37.302   -96.833    37.301   -96.834    37.299   -96.836    37.298   -96.838
    37.296   -96.840    37.295   -96.842    37.294   -96.844    37.292   -96.846
    37.291   -96.848    37.289   -96.849    37.286   -96.850    37.285   -96.852
    37.285   -96.854    37.283   -96.856    37.283   -96.856    37.281   -96.858
    37.278   -96.858    37.276   -96.858    37.273   -96.858    37.271   -96.858
    37.268   -96.857    37.266   -96.857    37.263   -96.857    37.261   -96.858
    37.258   -96.857    37.256   -96.857    37.253   -96.857    37.251   -96.857
    37.248   -96.857    37.246   -96.856    37.244   -96.854    37.241   -96.854
    37.240   -96.856    37.239   -96.858    37.237   -96.860    37.235   -96.859
    37.232   -96.858    37.232   -96.858    37.230   -96.859    37.228   -96.861
    37.228   -96.861    37.228   -96.864    37.228   -96.864    37.224   -96.863
    37.222   -96.865    37.220   -96.865    37.218   -96.867    37.216   -96.868
    37.215   -96.870    37.212   -96.871    37.211   -96.873    37.211   -96.873
    37.208   -96.876    37.206   -96.878    37.204   -96.878    37.202   -96.880
    37.200   -96.881    37.200   -96.881    37.198   -96.883    37.197   -96.884
    37.194   -96.885    37.192   -96.886    37.190   -96.888    37.187   -96.888
    37.185   -96.889    37.183   -96.891    37.181   -96.892    37.179   -96.893
    37.179   -96.897    37.179   -96.897    37.177   -96.897    37.174   -96.897
    37.172   -96.898    37.170   -96.899    37.167   -96.898    37.165   -96.898
    37.162   -96.897    37.160   -96.897    37.157   -96.896    37.157   -96.896
    37.153   -96.895    37.153   -96.895    37.152   -96.893    37.150   -96.891
    37.147   -96.891    37.145   -96.890    37.142   -96.889    37.142   -96.889
    37.139   -96.889    37.137   -96.891    37.135   -96.892    37.132   -96.893
    37.132   -96.895    37.132   -96.898    37.132   -96.898    37.127   -96.898
    37.126   -96.899    37.123   -96.899    37.122   -96.901    37.119   -96.902
    37.117   -96.903    37.116   -96.905    37.113   -96.904    37.113   -96.904
    37.109   -96.903    37.107   -96.903    37.104   -96.904    37.102   -96.904
    37.100   -96.906    37.097   -96.907    37.096   -96.908    37.095   -96.911
    37.094   -96.913    37.095   -96.916    37.094   -96.918    37.093   -96.921
    37.092   -96.923    37.091   -96.925    37.090   -96.928    37.088   -96.929
    37.087   -96.931    37.085   -96.933    37.085   -96.933    37.082   -96.934
 600    38.200    37.000   -96.500   -97.300 
    37.082   -96.934    37.081   -96.936    37.080   -96.938    37.078   -96.940
    37.077   -96.942    37.075   -96.943    37.073   -96.945    37.074   -96.948
    37.076   -96.949    37.076   -96.952    37.076   -96.954    37.077   -96.956
    37.079   -96.958    37.081   -96.959    37.081   -96.962    37.080   -96.964
    37.080   -96.968    37.080   -96.968    37.079   -96.971    37.081   -96.973
    37.082   -96.974    37.083   -96.977    37.082   -96.979    37.082   -96.982
    37.082   -96.984    37.082   -96.987    37.082   -96.989    37.085   -96.989
    37.087   -96.989    37.090   -96.990    37.091   -96.993    37.092   -96.994
    37.094   -96.996    37.096   -96.997    37.097   -96.999    37.100   -97.000
    37.102   -97.002    37.103   -97.003    37.105   -97.005    37.107   -97.007
    37.108   -97.008    37.111   -97.008    37.112   -97.007    37.115   -97.007
    37.117   -97.007    37.120   -97.007    37.122   -97.009    37.124   -97.009
    37.126   -97.011    37.128   -97.011    37.129   -97.013    37.131   -97.015
    37.133   -97.015    37.136   -97.016    37.138   -97.016    37.138   -97.016
    37.139   -97.019    37.140   -97.022    37.141   -97.024    37.142   -97.027
    37.143   -97.028    37.142   -97.031    37.142   -97.033    37.142   -97.036
    37.144   -97.039    37.144   -97.039    37.147   -97.039    37.149   -97.039
    37.152   -97.038    37.154   -97.038    37.157   -97.037    37.159   -97.037
    37.162   -97.037    37.164   -97.037    37.167   -97.037    37.169   -97.037
    37.172   -97.037    37.174   -97.037    37.177   -97.037    37.179   -97.037
    37.182   -97.036    37.184   -97.035    37.187   -97.034    37.189   -97.033
    37.192   -97.033    37.194   -97.033    37.197   -97.033    37.199   -97.033
    37.201   -97.032    37.204   -97.032    37.205   -97.030    37.206   -97.028
    37.206   -97.028    37.208   -97.030    37.211   -97.030    37.214   -97.029
    37.214   -97.029    37.215   -97.032    37.215   -97.034    37.216   -97.037
    37.216   -97.039    37.217   -97.042    37.218   -97.044    37.220   -97.046
    37.222   -97.047    37.225   -97.047    37.226   -97.049    37.229   -97.050
    37.231   -97.052    37.231   -97.054    37.231   -97.057    37.231   -97.059
    37.231   -97.062    37.234   -97.062    37.236   -97.063    37.238   -97.065
    37.241   -97.066    37.242   -97.067    37.245   -97.068    37.246   -97.070
    37.248   -97.072    37.251   -97.072    37.252   -97.074    37.255   -97.074
    37.257   -97.075    37.260   -97.076    37.261   -97.077    37.263   -97.079
    37.264   -97.082    37.266   -97.083    37.267   -97.085    37.269   -97.087
    37.271   -97.088    37.273   -97.089    37.275   -97.091    37.277   -97.092
    37.280   -97.092    37.281   -97.094    37.284   -97.095    37.286   -97.097
    37.287   -97.098    37.290   -97.099    37.291   -97.101    37.293   -97.102
    37.295   -97.104    37.297   -97.105    37.299   -97.103    37.301   -97.102
    37.303   -97.101    37.306   -97.102    37.308   -97.102    37.311   -97.103
    37.311   -97.106    37.314   -97.106    37.316   -97.106    37.319   -97.106
    37.321   -97.107    37.323   -97.108    37.326   -97.109    37.328   -97.109
    37.330   -97.111    37.331   -97.113    37.332   -97.115    37.334   -97.117
    37.333   -97.119    37.332   -97.122    37.333   -97.124    37.333   -97.127
    37.335   -97.128    37.336   -97.131    37.335   -97.133    37.335   -97.136
    37.335   -97.138    37.336   -97.140    37.338   -97.142    37.341   -97.142
    37.341   -97.145    37.343   -97.147    37.346   -97.147    37.347   -97.149
    37.349   -97.147    37.351   -97.147    37.353   -97.146    37.356   -97.147
    37.358   -97.147    37.361   -97.147    37.363   -97.147    37.366   -97.147
    37.367   -97.145    37.370   -97.144    37.372   -97.144    37.374   -97.142
    37.376   -97.141    37.377   -97.139    37.378   -97.137    37.380   -97.135
    37.381   -97.133    37.384   -97.133    37.386   -97.133    37.389   -97.132
    37.391   -97.133    37.394   -97.133    37.395   -97.136    37.397   -97.137
    37.399   -97.138    37.401   -97.137    37.404   -97.137    37.406   -97.136
    37.409   -97.136    37.411   -97.137    37.412   -97.139    37.415   -97.138
    37.416   -97.137    37.419   -97.136    37.421   -97.136    37.424   -97.135
    37.426   -97.134    37.429   -97.133    37.431   -97.132    37.434   -97.132
    37.436   -97.132    37.438   -97.131    37.440   -97.129    37.440   -97.129
    37.442   -97.130    37.444   -97.132    37.445   -97.133    37.449   -97.136
    37.449   -97.136    37.450   -97.138    37.450   -97.138    37.450   -97.141
    37.452   -97.142    37.452   -97.145    37.453   -97.147    37.454   -97.150
    37.454   -97.152    37.454   -97.155    37.455   -97.157    37.456   -97.159
    37.458   -97.161    37.460   -97.161    37.462   -97.162    37.462   -97.165
    37.464   -97.167    37.466   -97.167    37.466   -97.170    37.469   -97.171
    37.471   -97.170    37.474   -97.169    37.476   -97.168    37.479   -97.167
    37.481   -97.167    37.484   -97.167    37.485   -97.169    37.487   -97.171
    37.489   -97.172    37.491   -97.173    37.493   -97.175    37.494   -97.177
    37.496   -97.177    37.499   -97.176    37.500   -97.177    37.503   -97.178
    37.505   -97.180    37.507   -97.179    37.510   -97.178    37.510   -97.178
    37.512   -97.178    37.515   -97.177    37.517   -97.177    37.520   -97.177
    37.522   -97.177    37.525   -97.178    37.527   -97.178    37.530   -97.178
    37.531   -97.180    37.533   -97.182    37.535   -97.182    37.538   -97.182
    37.540   -97.182    37.543   -97.182    37.545   -97.183    37.546   -97.185
    37.548   -97.187    37.550   -97.188    37.552   -97.189    37.554   -97.191
    37.556   -97.191    37.559   -97.191    37.561   -97.191    37.564   -97.191
    37.564   -97.191    37.565   -97.189    37.567   -97.187    37.570   -97.187
    37.572   -97.187    37.574   -97.185    37.576   -97.184    37.578   -97.182
 600    38.200    37.000   -96.500   -97.300 
    37.580   -97.181    37.582   -97.180    37.585   -97.180    37.587   -97.180
    37.590   -97.180    37.590   -97.177    37.592   -97.173    37.592   -97.173
    37.594   -97.175    37.594   -97.175    37.596   -97.175    37.598   -97.177
    37.600   -97.177    37.603   -97.177    37.605   -97.178    37.608   -97.179
    37.609   -97.181    37.611   -97.182    37.613   -97.184    37.616   -97.187
    37.616   -97.187    37.618   -97.188    37.619   -97.190    37.621   -97.192
    37.623   -97.193    37.624   -97.195    37.626   -97.197    37.627   -97.199
    37.629   -97.201    37.630   -97.202    37.632   -97.204    37.634   -97.204
    37.637   -97.204    37.639   -97.206    37.641   -97.206    37.642   -97.208
    37.644   -97.210    37.644   -97.212    37.645   -97.215    37.645   -97.217
    37.645   -97.220    37.646   -97.222    37.646   -97.225    37.646   -97.227
    37.646   -97.227    37.649   -97.227    37.651   -97.226    37.654   -97.226
    37.656   -97.226    37.659   -97.226    37.661   -97.226    37.664   -97.226
    37.666   -97.226    37.669   -97.226    37.670   -97.224    37.673   -97.223
    37.674   -97.221    37.677   -97.221    37.679   -97.220    37.682   -97.220
    37.684   -97.220    37.687   -97.221    37.689   -97.221    37.692   -97.221
    37.694   -97.221    37.697   -97.220    37.699   -97.219    37.701   -97.221
    37.704   -97.221    37.705   -97.223    37.707   -97.225    37.709   -97.226
    37.711   -97.227    37.713   -97.229    37.715   -97.230    37.717   -97.231
    37.719   -97.231    37.722   -97.231    37.724   -97.231    37.727   -97.231
    37.729   -97.231    37.732   -97.231    37.734   -97.231    37.737   -97.232
    37.739   -97.232    37.744   -97.232    37.744   -97.232    37.747   -97.234
    37.747   -97.234    37.749   -97.235    37.751   -97.236    37.754   -97.236
    37.756   -97.236    37.759   -97.236    37.760   -97.237    37.763   -97.237
    37.765   -97.237    37.767   -97.236    37.771   -97.236    37.771   -97.236
    37.773   -97.238    37.774   -97.240    37.776   -97.241    37.777   -97.244
    37.778   -97.246    37.779   -97.248    37.781   -97.250    37.784   -97.250
    37.785   -97.248    37.787   -97.246    37.789   -97.246    37.791   -97.244
    37.794   -97.243    37.796   -97.242    37.799   -97.241    37.801   -97.242
    37.803   -97.243    37.806   -97.243    37.808   -97.245    37.810   -97.246
    37.813   -97.246    37.815   -97.246    37.818   -97.246    37.820   -97.246
    37.822   -97.248    37.823   -97.250    37.826   -97.251    37.828   -97.251
    37.830   -97.250    37.833   -97.249    37.835   -97.250    37.838   -97.249
    37.840   -97.248    37.843   -97.248    37.844   -97.250    37.847   -97.250
    37.849   -97.250    37.852   -97.250    37.854   -97.249    37.857   -97.250
    37.859   -97.249    37.862   -97.249    37.864   -97.249    37.866   -97.251
    37.868   -97.251    37.871   -97.252    37.873   -97.252    37.876   -97.252
    37.878   -97.252    37.881   -97.252    37.883   -97.252    37.886   -97.252
    37.888   -97.253    37.890   -97.255    37.892   -97.256    37.894   -97.257
    37.896   -97.259    37.898   -97.259    37.901   -97.259    37.903   -97.260
    37.903   -97.262    37.904   -97.265    37.907   -97.266    37.909   -97.266
    37.910   -97.269    37.912   -97.271    37.914   -97.271    37.915   -97.273
    37.917   -97.275    37.917   -97.277    37.917   -97.277    37.918   -97.279
    37.920   -97.281    37.923   -97.281    37.925   -97.281    37.928   -97.280
    37.930   -97.281    37.932   -97.282    37.933   -97.285    37.934   -97.286
    37.934   -97.289    37.936   -97.291    37.938   -97.292    37.938   -97.295
    37.938   -97.295    37.941   -97.295    37.943   -97.295    37.946   -97.295
    37.948   -97.293    37.950   -97.292    37.953   -97.291    37.954   -97.290
    37.957   -97.289    37.959   -97.288    37.962   -97.288    37.964   -97.287
    37.967   -97.287    37.968   -97.289    37.971   -97.290    37.973   -97.290
    37.975   -97.288    37.978   -97.287    37.979   -97.286    37.981   -97.284
    37.983   -97.282    37.984   -97.281    37.987   -97.281    37.988   -97.279
    37.991   -97.279    37.993   -97.277    37.995   -97.276    37.997   -97.275
    37.998   -97.273    38.001   -97.272    38.003   -97.271    38.006   -97.271
    38.008   -97.271    38.010   -97.270    38.012   -97.271    38.015   -97.270
    38.017   -97.269    38.020   -97.268    38.022   -97.267    38.025   -97.267
    38.027   -97.267    38.030   -97.266    38.032   -97.266    38.034   -97.268
    38.037   -97.269    38.039   -97.269    38.042   -97.270    38.044   -97.270
    38.047   -97.271    38.048   -97.272    38.051   -97.272    38.053   -97.272
    38.053   -97.272    38.055   -97.274    38.057   -97.275    38.057   -97.275
    38.060   -97.274    38.062   -97.274    38.065   -97.273    38.067   -97.272
    38.070   -97.272    38.072   -97.271    38.074   -97.271    38.077   -97.271
    38.079   -97.271    38.082   -97.271    38.084   -97.271    38.087   -97.271
    38.089   -97.272    38.092   -97.272    38.093   -97.274    38.096   -97.273
    38.098   -97.273    38.101   -97.273    38.102   -97.271    38.103   -97.269
    38.104   -97.266    38.106   -97.265    38.107   -97.263    38.109   -97.261
    38.111   -97.260    38.112   -97.258    38.115   -97.258    38.117   -97.257
    38.120   -97.256    38.120   -97.254    38.122   -97.253    38.125   -97.252
    38.127   -97.251    38.129   -97.250    38.132   -97.249    38.132   -97.249
    38.132   -97.246    38.132   -97.244    38.132   -97.241    38.132   -97.239
    38.133   -97.237    38.134   -97.235    38.132   -97.233    38.132   -97.231
    38.132   -97.228    38.131   -97.226    38.130   -97.224    38.128   -97.222
    38.127   -97.221    38.124   -97.221    38.122   -97.220    38.120   -97.218
    38.117   -97.217    38.115   -97.216    38.114   -97.214    38.113   -97.211
    38.113   -97.209    38.113   -97.209    38.110   -97.206    38.108   -97.205
 218    38.200    37.000   -96.500   -97.300 
    38.106   -97.205    38.104   -97.203    38.102   -97.201    38.102   -97.201
    38.101   -97.198    38.102   -97.196    38.102   -97.193    38.103   -97.191
    38.102   -97.189    38.100   -97.187    38.098   -97.186    38.097   -97.184
    38.097   -97.184    38.096   -97.182    38.096   -97.182    38.097   -97.179
    38.097   -97.177    38.096   -97.174    38.095   -97.172    38.095   -97.169
    38.095   -97.167    38.094   -97.164    38.092   -97.162    38.091   -97.161
    38.092   -97.159    38.092   -97.157    38.092   -97.154    38.092   -97.152
    38.092   -97.152    38.092   -97.149    38.093   -97.147    38.094   -97.144
    38.096   -97.142    38.096   -97.140    38.097   -97.138    38.097   -97.136
    38.098   -97.134    38.099   -97.132    38.099   -97.129    38.100   -97.127
    38.101   -97.124    38.102   -97.122    38.103   -97.120    38.104   -97.117
    38.105   -97.115    38.107   -97.113    38.108   -97.112    38.109   -97.109
    38.111   -97.107    38.112   -97.105    38.113   -97.103    38.114   -97.101
    38.117   -97.100    38.117   -97.097    38.118   -97.096    38.120   -97.094
    38.121   -97.092    38.122   -97.090    38.123   -97.087    38.123   -97.085
    38.123   -97.082    38.124   -97.080    38.126   -97.078    38.127   -97.076
    38.127   -97.073    38.127   -97.071    38.126   -97.069    38.125   -97.067
    38.124   -97.064    38.124   -97.062    38.125   -97.059    38.125   -97.059
    38.127   -97.057    38.129   -97.057    38.131   -97.055    38.131   -97.052
    38.132   -97.051    38.133   -97.048    38.134   -97.046    38.133   -97.043
    38.133   -97.041    38.135   -97.039    38.135   -97.037    38.136   -97.034
    38.136   -97.032    38.136   -97.029    38.135   -97.027    38.135   -97.027
    38.135   -97.023    38.135   -97.021    38.135   -97.018    38.135   -97.016
    38.136   -97.013    38.136   -97.011    38.136   -97.008    38.136   -97.006
    38.136   -97.006    38.136   -97.002    38.136   -97.002    38.137   -97.000
    38.137   -96.997    38.137   -96.995    38.137   -96.993    38.135   -96.991
    38.135   -96.988    38.136   -96.986    38.136   -96.983    38.136   -96.983
    38.136   -96.981