 198    38.200    37.000   -96.500   -97.300 
    38.136   -96.981    38.137   -96.973    38.137   -96.966    38.132   -96.962
    38.129   -96.956    38.126   -96.949    38.122   -96.943    38.117   -96.938
    38.112   -96.934    38.110   -96.927    38.112   -96.923    38.117   -96.919
    38.123   -96.915    38.127   -96.912    38.122   -96.906    38.117   -96.903
    38.109   -96.903    38.104   -96.904    38.101   -96.897    38.097   -96.891
    38.092   -96.889    38.086   -96.885    38.083   -96.878    38.088   -96.873
    38.089   -96.868    38.094   -96.864    38.094   -96.857    38.093   -96.849
    38.094   -96.842    38.094   -96.834    38.089   -96.829    38.087   -96.823
    38.082   -96.823    38.075   -96.824    38.067   -96.826    38.060   -96.827
    38.053   -96.829    38.051   -96.826    38.054   -96.819    38.055   -96.812
    38.057   -96.805    38.063   -96.801    38.070   -96.799    38.075   -96.794
    38.079   -96.788    38.085   -96.784    38.084   -96.776    38.082   -96.769
    38.080   -96.763    38.075   -96.758    38.072   -96.751    38.071   -96.746
    38.078   -96.746    38.082   -96.739    38.085   -96.734    38.085   -96.726
    38.081   -96.720    38.077   -96.714    38.074   -96.710    38.072   -96.706
    38.074   -96.700    38.077   -96.695    38.082   -96.689    38.082   -96.682
    38.085   -96.676    38.087   -96.669    38.093   -96.664    38.092   -96.658
    38.092   -96.650    38.091   -96.644    38.096   -96.639    38.089   -96.636
    38.084   -96.631    38.080   -96.625    38.076   -96.619    38.073   -96.613
    38.071   -96.607    38.067   -96.601    38.062   -96.595    38.057   -96.590
    38.052   -96.585    38.045   -96.582    38.051   -96.577    38.057   -96.573
    38.059   -96.566    38.057   -96.560    38.052   -96.554    38.046   -96.551
    38.038   -96.551    38.032   -96.555    38.029   -96.558    38.024   -96.554
    38.018   -96.557    38.017   -96.565    38.012   -96.568    38.004   -96.568
    37.999   -96.573    37.993   -96.577    37.992   -96.579
 200    38.200    37.000   -96.500   -97.300 
    37.990   -96.580    37.984   -96.583    37.977   -96.582    37.969   -96.581
    37.963   -96.578    37.960   -96.570    37.958   -96.564    37.953   -96.559
    37.949   -96.553    37.946   -96.559    37.939   -96.558    37.933   -96.555
    37.925   -96.556    37.919   -96.560    37.913   -96.565    37.909   -96.569
    37.909   -96.576    37.910   -96.585    37.904   -96.584    37.898   -96.585
    37.891   -96.589    37.883   -96.587    37.876   -96.587    37.869   -96.589
    37.863   -96.585    37.857   -96.581    37.853   -96.575    37.847   -96.571
    37.841   -96.569    37.833   -96.570    37.828   -96.570    37.829   -96.577
    37.825   -96.579    37.818   -96.579    37.812   -96.581    37.808   -96.580
    37.803   -96.575    37.800   -96.570    37.794   -96.566    37.788   -96.565
    37.784   -96.568    37.779   -96.564    37.773   -96.560    37.767   -96.561
    37.760   -96.560    37.756   -96.557    37.754   -96.550    37.749   -96.550
    37.746   -96.544    37.739   -96.542    37.734   -96.546    37.729   -96.545
    37.723   -96.547    37.717   -96.545    37.709   -96.545    37.709   -96.538
    37.707   -96.530    37.704   -96.524    37.700   -96.518    37.696   -96.515
    37.691   -96.520    37.689   -96.525    37.684   -96.529    37.677   -96.527
    37.669   -96.526    37.665   -96.532    37.661   -96.535    37.656   -96.532
    37.649   -96.530    37.647   -96.524    37.644   -96.518    37.639   -96.515
    37.633   -96.518    37.627   -96.520    37.623   -96.521    37.618   -96.520
    37.614   -96.515    37.609   -96.510    37.602   -96.510    37.596   -96.515
    37.600   -96.519    37.604   -96.525    37.611   -96.525    37.615   -96.529
    37.611   -96.535    37.611   -96.542    37.604   -96.543    37.597   -96.544
    37.592   -96.545    37.589   -96.548    37.585   -96.543    37.578   -96.540
    37.571   -96.542    37.565   -96.542    37.559   -96.545    37.555   -96.550
    37.549   -96.555    37.543   -96.559    37.539   -96.565    37.536   -96.569
 200    38.200    37.000   -96.500   -97.300 
    37.536   -96.571    37.538   -96.578    37.535   -96.585    37.532   -96.590
    37.527   -96.594    37.525   -96.600    37.519   -96.604    37.516   -96.609
    37.512   -96.615    37.508   -96.621    37.502   -96.625    37.499   -96.629
    37.498   -96.634    37.502   -96.639    37.502   -96.647    37.505   -96.653
    37.500   -96.654    37.495   -96.653    37.488   -96.654    37.480   -96.654
    37.475   -96.657    37.473   -96.664    37.466   -96.666    37.461   -96.670
    37.458   -96.677    37.451   -96.679    37.444   -96.679    37.437   -96.682
    37.432   -96.687    37.427   -96.692    37.420   -96.691    37.413   -96.693
    37.406   -96.695    37.401   -96.699    37.396   -96.704    37.389   -96.706
    37.383   -96.709    37.378   -96.714    37.373   -96.719    37.374   -96.726
    37.374   -96.734    37.373   -96.741    37.366   -96.744    37.364   -96.750
    37.360   -96.756    37.356   -96.763    37.356   -96.769    37.351   -96.775
    37.345   -96.778    37.341   -96.784    37.340   -96.790    37.336   -96.796
    37.331   -96.800    37.327   -96.806    37.321   -96.811    37.316   -96.816
    37.311   -96.821    37.306   -96.827    37.302   -96.833    37.298   -96.838
    37.294   -96.844    37.289   -96.849    37.285   -96.854    37.281   -96.858
    37.273   -96.858    37.266   -96.857    37.258   -96.857    37.251   -96.857
    37.244   -96.854    37.239   -96.858    37.232   -96.858    37.228   -96.861
    37.224   -96.863    37.218   -96.867    37.212   -96.871    37.208   -96.876
    37.202   -96.880    37.198   -96.883    37.192   -96.886    37.185   -96.889
    37.179   -96.893    37.177   -96.897    37.170   -96.899    37.162   -96.897
    37.157   -96.896    37.152   -96.893    37.145   -96.890    37.139   -96.889
    37.132   -96.893    37.132   -96.898    37.126   -96.899    37.119   -96.902
    37.113   -96.904    37.107   -96.903    37.100   -96.906    37.095   -96.911
    37.094   -96.918    37.091   -96.925    37.087   -96.931    37.082   -96.934
 200    38.200    37.000   -96.500   -97.300 
    37.082   -96.934    37.078   -96.940    37.073   -96.945    37.076   -96.952
    37.079   -96.958    37.080   -96.964    37.079   -96.971    37.083   -96.977
    37.082   -96.984    37.085   -96.989    37.091   -96.993    37.096   -96.997
    37.102   -97.002    37.107   -97.007    37.112   -97.007    37.120   -97.007
    37.126   -97.011    37.131   -97.015    37.138   -97.016    37.141   -97.024
    37.142   -97.031    37.144   -97.039    37.152   -97.038    37.159   -97.037
    37.167   -97.037    37.174   -97.037    37.182   -97.036    37.189   -97.033
    37.197   -97.033    37.204   -97.032    37.206   -97.028    37.214   -97.029
    37.216   -97.037    37.218   -97.044    37.225   -97.047    37.231   -97.052
    37.231   -97.059    37.236   -97.063    37.242   -97.067    37.248   -97.072
    37.255   -97.074    37.261   -97.077    37.266   -97.083    37.271   -97.088
    37.277   -97.092    37.284   -97.095    37.290   -97.099    37.295   -97.104
    37.301   -97.102    37.308   -97.102    37.314   -97.106    37.321   -97.107
    37.328   -97.109    37.332   -97.115    37.332   -97.122    37.335   -97.128
    37.335   -97.136    37.338   -97.142    37.343   -97.147    37.349   -97.147
    37.356   -97.147    37.363   -97.147    37.370   -97.144    37.376   -97.141
    37.380   -97.135    37.386   -97.133    37.394   -97.133    37.399   -97.138
    37.406   -97.136    37.412   -97.139    37.419   -97.136    37.426   -97.134
    37.434   -97.132    37.440   -97.129    37.445   -97.133    37.449   -97.136
    37.450   -97.141    37.453   -97.147    37.454   -97.155    37.458   -97.161
    37.462   -97.165    37.466   -97.170    37.474   -97.169    37.481   -97.167
    37.487   -97.171    37.493   -97.175    37.499   -97.176    37.505   -97.180
    37.510   -97.178    37.517   -97.177    37.525   -97.178    37.531   -97.180
    37.538   -97.182    37.545   -97.183    37.550   -97.188    37.556   -97.191
    37.564   -97.191    37.570   -97.187    37.576   -97.184    37.578   -97.182
 198    38.200    37.000   -96.500   -97.300 
    37.580   -97.181    37.587   -97.180    37.592   -97.173    37.596   -97.175
    37.603   -97.177    37.609   -97.181    37.616   -97.187    37.621   -97.192
    37.626   -97.197    37.630   -97.202    37.637   -97.204    37.642   -97.208
    37.645   -97.215    37.646   -97.222    37.646   -97.227    37.654   -97.226
    37.661   -97.226    37.669   -97.226    37.674   -97.221    37.682   -97.220
    37.689   -97.221    37.697   -97.220    37.704   -97.221    37.709   -97.226
    37.715   -97.230    37.722   -97.231    37.729   -97.231    37.737   -97.232
    37.744   -97.232    37.749   -97.235    37.756   -97.236    37.763   -97.237
    37.771   -97.236    37.776   -97.241    37.779   -97.248    37.785   -97.248
    37.791   -97.244    37.799   -97.241    37.806   -97.243    37.813   -97.246
    37.820   -97.246    37.826   -97.251    37.833   -97.249    37.840   -97.248
    37.847   -97.250    37.854   -97.249    37.862   -97.249    37.868   -97.251
    37.876   -97.252    37.883   -97.252    37.890   -97.255    37.896   -97.259
    37.903   -97.260    37.907   -97.266    37.912   -97.271    37.917   -97.275
    37.920   -97.281    37.928   -97.280    37.933   -97.285    37.936   -97.291
    37.938   -97.295    37.946   -97.295    37.953   -97.291    37.959   -97.288
    37.967   -97.287    37.973   -97.290    37.979   -97.286    37.984   -97.281
    37.991   -97.279    37.997   -97.275    38.003   -97.271    38.010   -97.270
    38.017   -97.269    38.025   -97.267    38.032   -97.266    38.039   -97.269
    38.047   -97.271    38.053   -97.272    38.057   -97.275    38.065   -97.273
    38.072   -97.271    38.079   -97.271    38.087   -97.271    38.093   -97.274
    38.101   -97.273    38.104   -97.266    38.109   -97.261    38.115   -97.258
    38.120   -97.254    38.127   -97.251    38.132   -97.249    38.132   -97.241
    38.134   -97.235    38.132   -97.228    38.128   -97.222    38.122   -97.220
    38.115   -97.216    38.113   -97.209    38.108   -97.205
  72    38.200    37.000   -96.500   -97.300 
    38.106   -97.205    38.102   -97.201    38.102   -97.193    38.100   -97.187
    38.097   -97.184    38.097   -97.177    38.095   -97.169    38.092   -97.162
    38.092   -97.154    38.093   -97.147    38.096   -97.140    38.098   -97.134
    38.100   -97.127    38.103   -97.120    38.107   -97.113    38.111   -97.107
    38.114   -97.101    38.118   -97.096    38.122   -97.090    38.123   -97.082
    38.127   -97.076    38.126   -97.069    38.124   -97.062    38.127   -97.057
    38.131   -97.052    38.134   -97.046    38.135   -97.039    38.136   -97.032
    38.135   -97.027    38.135   -97.021    38.136   -97.013    38.136   -97.006
    38.137   -97.000    38.137   -96.993    38.136   -96.986    38.136   -96.981
