    ACME      34.8100     -98.0100  407
    ADAX      34.8000     -96.6700  296
    ALTU      34.5900     -99.3400  417
    ALV2      36.7100     -98.7100  439
    ANTL      34.2300     -95.7000  181
   AP005      38.9188     -94.3803  326
   AP046      39.0238     -95.7933  295
   AP065      33.2555     -97.0855  100
   AP076      33.2288     -97.1275  287
   AP096      33.2673     -96.5327  201
   AP143      33.1610     -96.5742  215
   AP225      38.9200     -95.4538  302
   AP227      35.4525     -97.6968  385
   AP228      36.0682     -95.6175  180
   AP229      36.2477     -95.8167  196
   AP230      36.0250     -95.7888  214
   AP272      32.4258     -97.8163  270
   AP391      32.8665     -97.2198  200
   AP426      38.6533     -94.3538  286
    APAC      34.9100     -98.2900  440
    ARDM      34.1900     -97.0900  268
    ARNE      36.0700     -99.9000  719
   AW024      39.7700     -94.8500  282
    BBOW      34.0200     -94.6100  110
    BEAV      36.8000    -100.5300  754
    BEEX      34.1900     -96.6400  196
    BESS      35.4000     -99.0600  511
    BIXB      35.9600     -95.8600  184
    BLAC      36.7500     -97.2500  303
    BOIS      36.6900    -102.5000 1267
    BOWL      35.1700     -96.6300  286
    BREC      36.4100     -97.6900  352
    BRIS      35.7800     -96.3500  241
    BUFF      36.8300     -99.6400  559
    BURB      36.6300     -96.8200  301
    BURN      33.8900     -97.2700  228
    BUTL      35.5900     -99.2600  513
    BYAR      34.8500     -97.0000  347
   C0062      33.2628     -97.6663  244
   C0115      33.0918     -96.5875  176
   C0144      39.7877     -94.7897  253
   C0162      34.3860    -101.7557 1067
   C0180      37.3892     -94.0873  321
    CALV      34.9900     -96.3300  237
    CAMA      36.0300     -99.3500  587
    CENT      34.6100     -96.3200  209
    CHAN      35.6500     -96.8000  291
    CHER      36.7500     -98.3600  361
    CHEY      35.6200     -99.6800  492
    CHIC      35.0300     -97.9200  329
    CLAR      36.3200     -95.6400  213
    CLAY      34.6300     -95.3300  195
    CLOU      34.2300     -95.2500  221
    COOK      35.6800     -94.8500  303
    COPA      36.9100     -95.8900  252
   CPPN5      32.9278    -103.8567 1283
   DQUA4      34.1100     -94.2900  196
    DURA      33.9200     -96.3200  200
    ELRE      35.5500     -98.0400  421
    ERIC      35.2000     -99.8000  604
    EUFA      35.3000     -95.6600  203
   F1592      34.7744     -98.7458  549
    FAIR      36.2700     -98.5000  407
    FORA      36.8400     -96.4300  330
    FREE      36.7300     -99.1400  530
    FTCB      35.1500     -98.4700  420
   GDAC2      37.7800    -102.1800 1156
   GLMT2      32.7017     -94.9447  152
    GOOD      36.6000    -101.6000  996
    GRA2      34.2400     -98.7400  341
    GUTH      35.8500     -97.4800  328
    HASK      35.7500     -95.6400  183
   HBRK1      38.3000     -97.2900  440
    HECT      35.8400     -96.0100  239
    HINT      35.4800     -98.4800  489
   HKLO2      35.6800     -95.8600  218
    HOBA      35.0000     -99.0400  474
    HOLL      34.6800     -99.8300  498
    HOOK      36.8600    -101.2300  912
    HUGO      34.0300     -95.5400  175
   HVLK1      37.6500     -99.1100  647
    IDAB      33.8300     -94.8800  110
    INOL      36.1400     -95.4500  190
    JAYX      36.4800     -94.7900  308
   JTNT2      33.0200    -100.9800  709
   K1BSP      39.0786     -94.8791  305
   K1EGN      38.8147     -94.8806  322
   K5ADT      39.7831    -101.1859  906
   K5BCR      39.4852     -99.8470  741
   K5BRP      39.6819     -96.6344  362
   K5CHE      37.0345     -95.0970  250
   K5CHN      37.5257     -95.4587  302
   K5CNC      39.5686     -97.6606  411
   K5CNE      37.0093     -95.9267  237
   K5COO      38.0292    -102.0059 1023
   K5ED7      39.3264    -101.5822 1089
   K5EHT      37.1169    -101.8941 1043
   K5ELW      38.8426     -98.0704  530
   K5EUR      37.8091     -96.4246  395
   K5FVW      39.8343     -96.0473  333
   K5GAR      38.2626     -95.2502  331
   K5HJN      39.6640    -100.2915  769
   K5JCT      39.0309     -96.7790  324
   K5KIO      37.1518     -98.0403  412
   K5LEA      39.7712     -98.5617  544
   K5MAN      39.1737     -96.5528  309
   K5MCP      38.3643     -97.6606  456
   K5NES      38.2519     -99.9054  681
   K5NIC      37.7502     -97.2106  427
   K5OK7      39.1119    -100.8056  920
   K5PTT      37.6407     -98.7345  577
   K5SCT      38.6753    -100.8997  922
   K5SLN      38.8773     -97.6489  373
   K5TPK      39.0798     -95.7280  274
   K5TRY      39.7962     -95.1203  326
   K5WKR      38.8815     -99.1829  601
   K5WKY      39.0086     -99.8845  744
   K5WLC      38.9173    -101.6732 1039
    KENT      36.8600    -102.8900 1322
    KETC      34.5300     -97.7700  341
    KHOX      39.3600    -100.4600  825
    KIDL      39.7000    -102.2900 1209
    KING      35.8800     -97.9100  319
    KSYF      39.7700    -101.8100 1025
    KTRB      38.4700    -101.7800 1108
    LAHO      36.3800     -98.1100  395
    LANE      34.3100     -96.0100  182
   LMNO2      36.6900     -97.4800  306
   LTHM7      39.5800     -94.1700  293
    MADI      34.0400     -96.9400  232
    MANG      34.8300     -99.4300  461
    MARE      36.0600     -97.2100  331
    MARS      36.1200     -97.6000  315
    MAYR      36.9900     -99.0100  552
    MCAL      34.8800     -95.7700  230
    MEDF      36.7900     -97.7500  330
    MEDI      34.7300     -98.5600  482
    MIAM      36.8900     -94.8500  248
    MINC      35.2800     -97.9600  431
   MPAN5      32.1797    -103.7217 1070
    MTHE      34.3000     -94.8300  286
    NDS1      37.3000     -95.6000  266
    NEWK      36.8200     -96.9100  369
    NINN      34.9700     -97.9500  329
    NORM      35.2600     -97.4800  361
    NOWA      36.7500     -95.6100  206
    OILT      36.0400     -96.5000  257
    OKEM      35.4300     -96.2600  263
    OKMU      35.5800     -95.9100  205
    PAUL      34.7200     -97.2300  292
    PAWN      36.3600     -96.7500  283
    PERK      36.0000     -97.0500  292
    PORT      35.8300     -95.5600  193
    PRYO      36.3700     -95.2700  196
    PUTN      35.9000     -98.9600  589
    REDR      36.3600     -97.1500  293
    RETR      35.1300     -99.3600  538
    RING      34.1900     -97.5900  280
    SALL      35.4400     -94.8000  156
    SEIL      36.1900     -99.0400  540
    SHAW      35.3700     -96.9500  329
    SKIA      36.4100     -96.0400  285
    SLAP      36.6000    -100.2600  771
    SPEN      35.5400     -97.3400  373
    STIG      35.2700     -95.1800  175
    STIL      36.1200     -97.1000  272
    STUA      34.8800     -96.0600  254
    SULP      34.5700     -96.9500  320
    SUM1      34.8300    -102.5100 1189
    TAHL      35.9700     -94.9800  290
    TALI      34.7100     -95.0100  204
   TCUN5      35.0900    -103.6100 1240
    TIPT      34.4400     -99.1400  388
    TISH      34.3300     -96.6800  268
   TR479      33.0353     -96.1639  136
   TR484      38.4350     -96.5608  399
    VANO      34.7900     -96.8300  329
   VCIO2      36.0700     -99.2200  650
    VINI      36.7800     -95.2200  236
    WALT      34.3700     -98.3200  308
    WASH      34.9800     -97.5200  340
    WATO      35.8400     -98.5300  516
    WAUR      34.1700     -97.9900  285
    WEAT      35.5100     -98.7700  538
    WEBB      35.4700     -95.1300  146
    WEST      36.0100     -94.6500  348
    WILB      34.9000     -95.3400  201
    WIST      34.9800     -94.6800  143
    WOOD      36.4200     -99.4200  625
    WYNO      36.5200     -96.3300  269
