colortable yellowred
	0.000	0.000	0.000
	0.143	0.000	0.000
	0.286	0.000	0.000
	0.429	0.000	0.000
	0.571	0.000	0.000
	0.714	0.000	0.000
	0.857	0.000	0.000
	1.000	0.000	0.000
	1.000	0.059	0.000
	1.000	0.118	0.000
	1.000	0.176	0.000
	1.000	0.235	0.000
	1.000	0.294	0.000
	1.000	0.353	0.000
	1.000	0.412	0.000
	1.000	0.471	0.000
	1.000	0.529	0.000
	1.000	0.588	0.000
	1.000	0.647	0.000
	1.000	0.706	0.000
	1.000	0.765	0.000
	1.000	0.824	0.000
	1.000	0.882	0.000
	1.000	0.941	0.000
	1.000	1.000	0.000
	1.000	1.000	0.143
	1.000	1.000	0.286
	1.000	1.000	0.429
	1.000	1.000	0.571
	1.000	1.000	0.714
	1.000	1.000	0.857
	1.000	1.000	1.000
endtable
