!
! red and blue tinted gray scales
!
colortable babydop
!	0.000	0.000	0.000
	0.843	0.922	1.000
	0.831	0.910	0.988
	0.824	0.902	0.980
	0.812	0.890	0.969
	0.804	0.882	0.957
	0.792	0.871	0.945
	0.780	0.863	0.937
	0.773	0.851	0.925
	0.761	0.843	0.914
	0.749	0.831	0.906
	0.741	0.824	0.894
	0.729	0.812	0.882
	0.722	0.804	0.875
	0.710	0.792	0.863
	0.698	0.780	0.851
	0.690	0.773	0.839
	0.678	0.761	0.831
	0.667	0.753	0.820
	0.659	0.741	0.808
	0.647	0.733	0.800
	0.639	0.722	0.788
	0.627	0.714	0.776
	0.616	0.702	0.765
	0.608	0.694	0.757
	0.596	0.682	0.745
	0.584	0.671	0.733
	0.576	0.663	0.725
	0.565	0.651	0.714
	0.557	0.643	0.702
	0.545	0.631	0.694
	0.533	0.624	0.682
	0.525	0.612	0.671
	0.514	0.604	0.659
	0.502	0.592	0.651
	0.494	0.584	0.639
	0.482	0.573	0.627
	0.475	0.565	0.620
	0.463	0.553	0.608
	0.451	0.541	0.596
	0.443	0.533	0.588
	0.431	0.522	0.576
	0.420	0.514	0.565
	0.412	0.502	0.553
	0.400	0.494	0.545
	0.392	0.482	0.533
	0.380	0.475	0.522
	0.369	0.463	0.514
	0.361	0.455	0.502
	0.349	0.443	0.490
	0.337	0.431	0.478
	0.329	0.424	0.471
	0.318	0.412	0.459
	0.310	0.404	0.447
	0.298	0.392	0.439
	0.286	0.384	0.427
	0.278	0.373	0.416
	0.267	0.365	0.408
	0.255	0.353	0.396
	0.247	0.345	0.384
	0.235	0.333	0.373
	0.227	0.325	0.365
	0.216	0.314	0.353
	0.392	0.392	0.392
	0.373	0.235	0.275
	0.384	0.243	0.282
	0.392	0.251	0.290
	0.404	0.259	0.298
	0.412	0.267	0.306
	0.424	0.275	0.314
	0.431	0.282	0.322
	0.443	0.290	0.329
	0.451	0.298	0.341
	0.463	0.306	0.349
	0.471	0.314	0.357
	0.482	0.322	0.365
	0.490	0.329	0.373
	0.502	0.337	0.380
	0.514	0.345	0.388
	0.522	0.353	0.396
	0.533	0.361	0.404
	0.541	0.369	0.412
	0.553	0.376	0.420
	0.561	0.384	0.427
	0.573	0.392	0.435
	0.580	0.400	0.443
	0.592	0.408	0.451
	0.600	0.416	0.459
	0.612	0.424	0.471
	0.620	0.431	0.478
	0.631	0.439	0.486
	0.643	0.447	0.494
	0.651	0.455	0.502
	0.663	0.463	0.510
	0.671	0.471	0.518
	0.682	0.478	0.525
	0.690	0.482	0.533
	0.702	0.490	0.541
	0.710	0.498	0.549
	0.722	0.506	0.557
	0.729	0.514	0.565
	0.741	0.522	0.573
	0.753	0.529	0.580
	0.761	0.537	0.588
	0.773	0.545	0.600
	0.780	0.553	0.608
	0.792	0.561	0.616
	0.800	0.569	0.624
	0.812	0.576	0.631
	0.820	0.584	0.639
	0.831	0.592	0.647
	0.839	0.600	0.655
	0.851	0.608	0.663
	0.859	0.616	0.671
	0.871	0.624	0.678
	0.882	0.631	0.686
	0.890	0.639	0.694
	0.902	0.647	0.702
	0.910	0.655	0.710
	0.922	0.663	0.718
	0.929	0.671	0.729
	0.941	0.678	0.737
	0.949	0.686	0.745
	0.961	0.694	0.753
	0.969	0.702	0.761
	0.980	0.710	0.769
	0.988	0.718	0.776
	1.000	0.725	0.784
endtable
