2

R_Rings_25Km 750
-14940 -8625
14940 8625
32767 0
-14940 0
14940 0
32767 0
-14940 8625
14940 -8625
32767 0
-8625 -14940
8625 14940
32767 0
0 -14940
0 14940
32767 0
8625 -14940
-8625 14940
32767 0
2500 0
2497 131
2486 261
2469 391
2445 520
2415 647
2378 773
2334 896
2284 1017
2228 1135
2165 1250
2097 1362
2023 1469
1943 1573
1858 1673
1768 1768
1673 1858
1573 1943
1469 2023
1362 2097
1250 2165
1135 2228
1017 2284
896 2334
773 2378
647 2415
520 2445
391 2469
261 2486
131 2497
0 2500
-131 2497
-261 2486
-391 2469
-520 2445
-647 2415
-773 2378
-896 2334
-1017 2284
-1135 2228
-1250 2165
-1362 2097
-1469 2023
-1573 1943
-1673 1858
-1768 1768
-1858 1673
-1943 1573
-2023 1469
-2097 1362
-2165 1250
-2228 1135
-2284 1017
-2334 896
-2378 773
-2415 647
-2445 520
-2469 391
-2486 261
-2497 131
-2500 0
-2497 -131
-2486 -261
-2469 -391
-2445 -520
-2415 -647
-2378 -773
-2334 -896
-2284 -1017
-2228 -1135
-2165 -1250
-2097 -1362
-2023 -1469
-1943 -1573
-1858 -1673
-1768 -1768
-1673 -1858
-1573 -1943
-1469 -2023
-1362 -2097
-1250 -2165
-1135 -2228
-1017 -2284
-896 -2334
-773 -2378
-647 -2415
-520 -2445
-391 -2469
-261 -2486
-131 -2497
0 -2500
131 -2497
261 -2486
391 -2469
520 -2445
647 -2415
773 -2378
896 -2334
1017 -2284
1135 -2228
1250 -2165
1362 -2097
1469 -2023
1573 -1943
1673 -1858
1768 -1768
1858 -1673
1943 -1573
2023 -1469
2097 -1362
2165 -1250
2228 -1135
2284 -1017
2334 -896
2378 -773
2415 -647
2445 -520
2469 -391
2486 -261
2497 -131
2500 0
32767 0
5000 0
4993 262
4973 523
4938 782
4891 1040
4830 1294
4755 1545
4668 1792
4568 2034
4455 2270
4330 2500
4193 2723
4045 2939
3886 3147
3716 3346
3536 3536
3346 3716
3147 3886
2939 4045
2723 4193
2500 4330
2270 4455
2034 4568
1792 4668
1545 4755
1294 4830
1040 4891
782 4938
523 4973
262 4993
0 5000
-262 4993
-523 4973
-782 4938
-1040 4891
-1294 4830
-1545 4755
-1792 4668
-2034 4568
-2270 4455
-2500 4330
-2723 4193
-2939 4045
-3147 3886
-3346 3716
-3536 3536
-3716 3346
-3886 3147
-4045 2939
-4193 2723
-4330 2500
-4455 2270
-4568 2034
-4668 1792
-4755 1545
-4830 1294
-4891 1040
-4938 782
-4973 523
-4993 262
-5000 0
-4993 -262
-4973 -523
-4938 -782
-4891 -1040
-4830 -1294
-4755 -1545
-4668 -1792
-4568 -2034
-4455 -2270
-4330 -2500
-4193 -2723
-4045 -2939
-3886 -3147
-3716 -3346
-3536 -3536
-3346 -3716
-3147 -3886
-2939 -4045
-2723 -4193
-2500 -4330
-2270 -4455
-2034 -4568
-1792 -4668
-1545 -4755
-1294 -4830
-1040 -4891
-782 -4938
-523 -4973
-262 -4993
0 -5000
262 -4993
523 -4973
782 -4938
1040 -4891
1294 -4830
1545 -4755
1792 -4668
2034 -4568
2270 -4455
2500 -4330
2723 -4193
2939 -4045
3147 -3886
3346 -3716
3536 -3536
3716 -3346
3886 -3147
4045 -2939
4193 -2723
4330 -2500
4455 -2270
4568 -2034
4668 -1792
4755 -1545
4830 -1294
4891 -1040
4938 -782
4973 -523
4993 -262
5000 0
32767 0
7500 0
7490 393
7459 784
7408 1173
7336 1559
7244 1941
7133 2318
7002 2688
6852 3051
6683 3405
6495 3750
6290 4085
6068 4408
5829 4720
5574 5018
5303 5303
5018 5574
4720 5829
4408 6068
4085 6290
3750 6495
3405 6683
3051 6852
2688 7002
2318 7133
1941 7244
1559 7336
1173 7408
784 7459
393 7490
0 7500
-393 7490
-784 7459
-1173 7408
-1559 7336
-1941 7244
-2318 7133
-2688 7002
-3051 6852
-3405 6683
-3750 6495
-4085 6290
-4408 6068
-4720 5829
-5018 5574
-5303 5303
-5574 5018
-5829 4720
-6068 4408
-6290 4085
-6495 3750
-6683 3405
-6852 3051
-7002 2688
-7133 2318
-7244 1941
-7336 1559
-7408 1173
-7459 784
-7490 393
-7500 0
-7490 -393
-7459 -784
-7408 -1173
-7336 -1559
-7244 -1941
-7133 -2318
-7002 -2688
-6852 -3051
-6683 -3405
-6495 -3750
-6290 -4085
-6068 -4408
-5829 -4720
-5574 -5018
-5303 -5303
-5018 -5574
-4720 -5829
-4408 -6068
-4085 -6290
-3750 -6495
-3405 -6683
-3051 -6852
-2688 -7002
-2318 -7133
-1941 -7244
-1559 -7336
-1173 -7408
-784 -7459
-393 -7490
0 -7500
393 -7490
784 -7459
1173 -7408
1559 -7336
1941 -7244
2318 -7133
2688 -7002
3051 -6852
3405 -6683
3750 -6495
4085 -6290
4408 -6068
4720 -5829
5018 -5574
5303 -5303
5574 -5018
5829 -4720
6068 -4408
6290 -4085
6495 -3750
6683 -3405
6852 -3051
7002 -2688
7133 -2318
7244 -1941
7336 -1559
7408 -1173
7459 -784
7490 -393
7500 0
32767 0
10000 0
9986 523
9945 1045
9877 1564
9781 2079
9659 2588
9511 3090
9336 3584
9135 4067
8910 4540
8660 5000
8387 5446
8090 5878
7771 6293
7431 6691
7071 7071
6691 7431
6293 7771
5878 8090
5446 8387
5000 8660
4540 8910
4067 9135
3584 9336
3090 9511
2588 9659
2079 9781
1564 9877
1045 9945
523 9986
0 10000
-523 9986
-1045 9945
-1564 9877
-2079 9781
-2588 9659
-3090 9511
-3584 9336
-4067 9135
-4540 8910
-5000 8660
-5446 8387
-5878 8090
-6293 7771
-6691 7431
-7071 7071
-7431 6691
-7771 6293
-8090 5878
-8387 5446
-8660 5000
-8910 4540
-9135 4067
-9336 3584
-9511 3090
-9659 2588
-9781 2079
-9877 1564
-9945 1045
-9986 523
-10000 0
-9986 -523
-9945 -1045
-9877 -1564
-9781 -2079
-9659 -2588
-9511 -3090
-9336 -3584
-9135 -4067
-8910 -4540
-8660 -5000
-8387 -5446
-8090 -5878
-7771 -6293
-7431 -6691
-7071 -7071
-6691 -7431
-6293 -7771
-5878 -8090
-5446 -8387
-5000 -8660
-4540 -8910
-4067 -9135
-3584 -9336
-3090 -9511
-2588 -9659
-2079 -9781
-1564 -9877
-1045 -9945
-523 -9986
0 -10000
523 -9986
1045 -9945
1564 -9877
2079 -9781
2588 -9659
3090 -9511
3584 -9336
4067 -9135
4540 -8910
5000 -8660
5446 -8387
5878 -8090
6293 -7771
6691 -7431
7071 -7071
7431 -6691
7771 -6293
8090 -5878
8387 -5446
8660 -5000
8910 -4540
9135 -4067
9336 -3584
9511 -3090
9659 -2588
9781 -2079
9877 -1564
9945 -1045
9986 -523
10000 0
32767 0
12500 0
12483 654
12432 1307
12346 1955
12227 2599
12074 3235
11888 3863
11670 4480
11419 5084
11138 5675
10825 6250
10483 6808
10113 7347
9714 7867
9289 8364
8839 8839
8364 9289
7867 9714
7347 10113
6808 10483
6250 10825
5675 11138
5084 11419
4480 11670
3863 11888
3235 12074
2599 12227
1955 12346
1307 12432
654 12483
0 12500
-654 12483
-1307 12432
-1955 12346
-2599 12227
-3235 12074
-3863 11888
-4480 11670
-5084 11419
-5675 11138
-6250 10825
-6808 10483
-7347 10113
-7867 9714
-8364 9289
-8839 8839
-9289 8364
-9714 7867
-10113 7347
-10483 6808
-10825 6250
-11138 5675
-11419 5084
-11670 4480
-11888 3863
-12074 3235
-12227 2599
-12346 1955
-12432 1307
-12483 654
-12500 0
-12483 -654
-12432 -1307
-12346 -1955
-12227 -2599
-12074 -3235
-11888 -3863
-11670 -4480
-11419 -5084
-11138 -5675
-10825 -6250
-10483 -6808
-10113 -7347
-9714 -7867
-9289 -8364
-8839 -8839
-8364 -9289
-7867 -9714
-7347 -10113
-6808 -10483
-6250 -10825
-5675 -11138
-5084 -11419
-4480 -11670
-3863 -11888
-3235 -12074
-2599 -12227
-1955 -12346
-1307 -12432
-654 -12483
0 -12500
654 -12483
1307 -12432
1955 -12346
2599 -12227
3235 -12074
3863 -11888
4480 -11670
5084 -11419
5675 -11138
6250 -10825
6808 -10483
7347 -10113
7867 -9714
8364 -9289
8839 -8839
9289 -8364
9714 -7867
10113 -7347
10483 -6808
10825 -6250
11138 -5675
11419 -5084
11670 -4480
11888 -3863
12074 -3235
12227 -2599
12346 -1955
12432 -1307
12483 -654
12500 0
32767 0
15000 0
14979 785
14918 1568
14815 2347
14672 3119
14489 3882
14266 4635
14004 5376
13703 6101
13365 6810
12990 7500
12580 8170
12135 8817
11657 9440
11147 10037
10607 10607
10037 11147
9440 11657
8817 12135
8170 12580
7500 12990
6810 13365
6101 13703
5376 14004
4635 14266
3882 14489
3119 14672
2347 14815
1568 14918
785 14979
0 15000
-785 14979
-1568 14918
-2347 14815
-3119 14672
-3882 14489
-4635 14266
-5376 14004
-6101 13703
-6810 13365
-7500 12990
-8170 12580
-8817 12135
-9440 11657
-10037 11147
-10607 10607
-11147 10037
-11657 9440
-12135 8817
-12580 8170
-12990 7500
-13365 6810
-13703 6101
-14004 5376
-14266 4635
-14489 3882
-14672 3119
-14815 2347
-14918 1568
-14979 785
-15000 0
-14979 -785
-14918 -1568
-14815 -2347
-14672 -3119
-14489 -3882
-14266 -4635
-14004 -5376
-13703 -6101
-13365 -6810
-12990 -7500
-12580 -8170
-12135 -8817
-11657 -9440
-11147 -10037
-10607 -10607
-10037 -11147
-9440 -11657
-8817 -12135
-8170 -12580
-7500 -12990
-6810 -13365
-6101 -13703
-5376 -14004
-4635 -14266
-3882 -14489
-3119 -14672
-2347 -14815
-1568 -14918
-785 -14979
0 -15000
785 -14979
1568 -14918
2347 -14815
3119 -14672
3882 -14489
4635 -14266
5376 -14004
6101 -13703
6810 -13365
7500 -12990
8170 -12580
8817 -12135
9440 -11657
10037 -11147
10607 -10607
11147 -10037
11657 -9440
12135 -8817
12580 -8170
12990 -7500
13365 -6810
13703 -6101
14004 -5376
14266 -4635
14489 -3882
14672 -3119
14815 -2347
14918 -1568
14979 -785
15000 0
32767 0
Terrian_1 1134
13435 14768
13276 14471
13051 14476
13000 14282
12806 14332
12670 14305
12660 13914
12596 13795
12416 13814
12412 13649
12263 13698
12083 13732
11915 13661
11832 13347
11931 13089
11735 13078
11760 12882
11516 12783
11452 12634
11166 12641
10939 12586
10934 12391
11096 12251
11198 12098
11497 12000
11295 11764
11060 10821
11066 10459
11050 9812
11475 9967
11843 10786
11884 11222
12221 11454
12367 11857
12579 11927
12738 12240
13035 12654
13321 12662
32767 0
7111 14898
7121 14732
6591 14609
6994 14464
6972 14163
7046 14116
6943 13636
6802 13399
6610 13569
6399 13575
6486 13422
6527 13270
6317 13291
6177 13144
6246 12886
5229 12580
4930 12663
4665 12293
4859 12228
4855 12062
5076 11876
5057 11711
4813 11626
4992 11547
4635 11134
4631 10953
4345 10960
4036 11269
3718 11202
3480 11314
3176 11216
3027 11295
2920 11237
2785 11241
2701 11499
2551 11518
2530 11292
2316 11177
2454 10677
2268 10455
2230 10758
2120 11152
1751 11463
1733 11328
1966 11035
1949 10946
1753 10935
1693 10364
1608 9975
1385 10086
1382 9966
1287 9802
1137 9806
1132 9610
812 9468
669 9773
457 9733
510 9430
222 9377
72 9411
-80 9340
77 8989
-15 8931
-204 9207
-442 9334
-583 9714
-673 9716
-679 9505
-1148 8794
-1450 8772
-1651 8566
-1625 8400
-1688 8296
-1771 8011
-1952 7986
-2008 8153
-2189 8158
-2255 8521
-2374 8569
-2378 8419
-2403 8027
-2466 7939
-3477 8446
-4031 8596
-4138 8523
-4288 8542
-4364 8514
-4263 8361
-4467 8019
-3908 7508
-3980 7028
-3699 6825
-3793 6089
-3617 5904
-3636 5739
-3851 5593
-3404 5386
-3267 5458
-2863 5327
-2931 5013
-3263 5021
-3312 4872
-3706 4746
-3729 4445
-3627 4307
-3426 4513
-3219 4357
-2988 4547
-2778 4542
-2519 4656
-2354 4607
-2886 3806
-2929 3325
-3369 3186
-3681 3375
-3943 3125
-3981 2825
-3728 2683
-3516 2738
-3156 2698
-3150 2307
-2881 2225
-2649 2460
-2529 2457
-2427 2303
-2305 2376
-2079 2370
-1934 2743
-1737 2783
-1686 3023
-1566 3020
-1498 2732
-1516 2612
-1505 2446
-1355 2427
-1366 1975
-1564 1905
-1567 1785
-1207 1730
-1057 1094
-1068 672
-874 577
-733 784
-784 1177
-628 1369
-537 2602
-555 3657
-284 3650
47 2452
99 2104
611 2709
1054 2351
1234 2346
1125 2771
1322 3444
1628 3617
1680 3269
1848 2798
1812 2558
1893 2194
2601 2161
2921 2334
3370 2217
3540 1791
3854 1678
3862 1979
4060 2079
4380 1649
4434 1964
4350 2238
4369 2990
4531 2836
4516 2248
4617 2065
4624 1764
4711 1611
4479 1361
4573 936
4783 886
4851 613
4931 792
5550 249
5718 320
5499 612
5667 698
6103 672
6307 395
6915 -12
6716 460
6327 1178
6785 835
6738 1334
6888 1330
6965 1403
6836 1632
6886 1827
7077 1656
7032 2230
7448 2024
7336 1183
7554 1449
7529 1042
7311 762
7505 697
7606 513
7495 305
7742 -63
7955 -580
8148 -88
8175 393
8307 224
8562 188
8377 27
8364 -485
8470 -458
8590 -491
8575 -1093
8745 -901
8693 -1186
8833 -1582
8943 -1419
9169 -1424
9435 -1627
9451 -995
9257 -899
9341 -555
9758 -761
9764 -505
9889 -328
10130 -334
10192 327
10466 -177
10568 303
10729 103
10898 234
11060 79
11214 241
11190 483
11377 704
11477 491
11778 498
11722 665
11996 779
12098 1213
12324 1208
12529 991
12740 414
12965 348
13082 -363
32767 0
12686 -11878
12294 -11898
12107 -11517
11784 -11207
11291 -10457
11248 -10953
11184 -11087
11287 -11210
11219 -11494
10994 -11459
10828 -11484
10778 -11649
10600 -11554
10522 -11642
10743 -11859
10848 -11862
10950 -12000
10705 -12159
10391 -12091
10316 -12662
10449 -12755
10445 -12921
10053 -12911
10096 -13018
9760 -13190
9519 -13184
9454 -13393
9714 -13821
9749 -14214
9290 -14489
7896 -14845
7277 -14875
6424 -14657
6302 -14729
5959 -14585
5775 -14716
5538 -14529
5384 -14661
32767 0
-1610 14982
-1557 14695
-2069 14708
-2207 14591
-2197 14410
-1698 14472
-1477 14256
-1570 14183
-1560 13987
-1364 13967
-1385 13726
-1567 13701
-1630 13567
-1211 13466
-1200 13330
-1320 13333
-1497 12901
-1333 12821
-1146 12470
-1135 12304
-1289 12187
-1586 12330
-1768 12290
-1794 12456
-1947 12355
-2065 12478
-2336 12455
-2341 12289
-2752 12119
-3062 12353
-3363 12360
-3507 12048
-3907 11726
-4219 11900
-4375 11663
-4906 11526
-4838 11222
-4961 11135
-5092 11319
-5318 11310
-5386 11025
-5321 10602
-5402 10393
-5793 10418
-6140 10367
-6238 10098
-5999 10017
-5277 9938
-5352 8795
-5421 8450
-5089 7854
-4925 7790
-4651 7301
-4774 7214
-4937 7323
-5146 7374
-5155 7027
-5305 7076
-5455 7080
-5285 6669
-5149 6078
-5319 5917
-4990 5833
-4887 5725
-5010 5608
-5013 5517
-4789 5436
-4893 4867
-4763 4682
-4826 4564
-5288 4771
-5378 4186
-5479 3736
-5374 3734
-5271 3641
-5369 3342
-5097 3350
-4876 3179
-4942 2955
-5154 2885
-5234 2706
-5057 2551
-4949 1478
-4737 916
-3839 110
-3847 -222
-3985 -309
-3907 -793
-3961 -1168
-3699 -1506
-3352 -1515
-3052 -2155
-3074 -2426
-3200 -2648
-2991 -2699
-2850 -3094
-2815 -3502
-2576 -3568
-2476 -3782
-2489 -4308
-2357 -4432
-2351 -4809
-2198 -4723
-2144 -4377
-1937 -4518
-1773 -4583
-1574 -4452
-1312 -4820
-1249 -4731
-952 -4890
-966 -5447
-895 -5629
-682 -4927
-738 -4759
-540 -4689
-881 -4455
-1056 -3652
-86 -3390
421 -3599
618 -4161
812 -4241
767 -3622
864 -3384
679 -2957
717 -2612
897 -2662
1049 -2590
1024 -2394
1146 -2351
1728 -2577
1858 -2776
1848 -2595
2002 -2464
1934 -2176
2029 -1982
2132 -2075
2228 -2469
2316 -2532
2354 -2819
2533 -2884
2736 -2603
2855 -2696
3006 -2655
3016 -2866
3167 -2870
3282 -3083
3494 -3044
3726 -3366
3930 -3055
4048 -3163
4082 -3586
4430 -3549
4404 -3970
4644 -4624
4609 -5422
4754 -5621
4792 -5321
4941 -5370
4966 -4979
5190 -5060
5201 -4638
5437 -4840
5345 -4280
5485 -4133
5267 -3811
5203 -3343
5483 -3018
5819 -3419
5851 -3947
6177 -3563
6244 -3911
5978 -4281
6139 -4481
6104 -4646
6255 -4665
6351 -5029
6183 -5130
6208 -5312
6404 -5332
6535 -5486
6516 -5636
6633 -5789
6674 -5354
6841 -5313
6926 -5526
7110 -5410
7274 -5444
7402 -5779
7716 -5847
7679 -6132
7929 -6380
8700 -6248
8491 -6800
8576 -6998
8482 -7132
8625 -7422
8393 -7672
8102 -7860
8306 -8122
8119 -8403
7893 -8397
7723 -8544
7869 -8758
7694 -9703
7422 -10329
6965 -10543
6707 -10597
6982 -11041
6975 -11327
6669 -11530
6343 -11311
6162 -11306
5977 -11482
5821 -11087
5859 -10801
5536 -10462
4884 -10626
4541 -11054
4121 -11586
3625 -11543
3541 -11285
3020 -11046
2759 -11250
2751 -11582
2314 -11555
1948 -11155
1504 -11415
1647 -11719
1628 -12502
1351 -13294
915 -13870
501 -14146
304 -14216
158 -14619
319 -14789
32767 0
-6116 14916
-5989 14566
-6100 14343
-5879 14156
-5836 14065
-5448 13904
-5220 14004
-5244 13628
-5096 13549
-5110 12992
-5280 12831
-5120 12601
-5395 12427
-5632 12598
-5907 12440
-5914 12169
-5862 11851
-5897 11671
-6499 11686
-6916 11863
-7062 12032
-7287 12083
-7312 11677
-7454 11439
-7725 11446
-7430 11213
-7359 11030
-7450 11002
-7363 10880
-7383 10669
-7449 10460
-7315 10396
-7232 10108
-7100 9939
-7104 9803
-7356 9945
-7567 9936
-7452 9752
-7005 9530
-7069 9396
-6969 9182
-7020 8943
-7439 9059
-7641 8823
-8032 8833
-8200 8762
-7766 8615
-7390 8621
-7222 8707
-6952 8655
-6783 8801
-6607 8586
-6556 8840
-5891 8311
-5989 8028
-5532 7609
-5521 7458
-5701 7478
-6026 7727
-6224 7657
-6540 7665
-6604 7531
-6363 7510
-5955 6957
-5670 6935
-5779 6772
-6065 6779
-6145 6601
-6329 6485
-6318 6304
-6557 6415
-6829 6377
-6431 6020
-6451 5825
-6253 5910
-6024 6025
-5669 5760
-5857 5478
-5602 5442
-6013 4684
-5943 4486
-5981 4171
-6252 4178
-6330 4044
-6137 3964
-6162 3543
-6363 3337
-6278 3139
-5824 3203
-5675 3139
-5682 2883
-5485 2908
-5520 2126
-5418 2002
-5571 1916
-5393 1776
-5190 1484
-5252 1411
-5416 1475
-5428 993
-4933 921
-4670 613
-4705 418
-4912 558
-5220 280
-4904 272
-4620 190
-4114 -637
-4131 -727
-4338 -571
-4533 -536
-4398 -1142
-4205 -1282
-4470 -1637
-4693 -1526
-4775 -1765
-4630 -2010
-4432 -1924
-4192 -1960
-3889 -1893
-3713 -2063
-3781 -2378
-4116 -2505
-4332 -2740
-4155 -2865
-3895 -2721
-3476 -2837
-3200 -3221
-3189 -3989
-2780 -4497
-2756 -4724
-2545 -4744
-2630 -5118
-2929 -5020
-3455 -4992
-3556 -5396
-4007 -5370
-4433 -5510
-4332 -5693
-3877 -5569
-3428 -5716
-3165 -5421
-2953 -5366
-3003 -5591
-2808 -5596
-2801 -5943
-2871 -6302
-2816 -6515
-2969 -7204
-3246 -7423
-3378 -8504
-3137 -7893
-2961 -7490
-2626 -7348
-2091 -7618
-2013 -7544
-2576 -7138
-2625 -6700
-2439 -6494
-2408 -5290
-1981 -5075
-1719 -5443
-1408 -5631
-1532 -5779
-1323 -5844
-1462 -6007
-1283 -6071
-1178 -6662
-930 -6999
-199 -7289
163 -7283
395 -7605
587 -7188
324 -6865
329 -6670
77 -6497
83 -6257
326 -6172
527 -6569
722 -6589
1132 -6479
1018 -6807
1122 -6885
1229 -6798
1456 -6758
1406 -6968
1631 -7004
1757 -6766
2073 -6804
2698 -6488
2682 -7121
2833 -7124
2868 -6914
3065 -6904
3225 -7119
3234 -6758
3732 -6710
3879 -6850
3799 -7059
3537 -7278
3653 -7477
3932 -7755
4218 -7747
4045 -8059
3573 -8258
3384 -8585
3392 -8841
3062 -9390
2317 -9642
1825 -9464
1458 -9063
1090 -8753
761 -8654
719 -9090
594 -9885
714 -10491
958 -10994
1234 -11378
1226 -11709
1373 -11848
1224 -12357
1358 -12435
999 -13511
673 -13909
251 -13929
-120 -13693
22 -14028
14 -14360
-236 -14700
-422 -14906
-951 -14983
-1527 -13944
-1983 -14686
-2274 -14859
32767 0
-14696 4451
-14616 4630
-14640 4887
-14488 4943
-14040 4796
-14064 5008
-14183 5101
-14058 5249
-13838 5017
-13280 4461
-12664 4370
-12600 4549
-12041 4595
-11991 4790
-12407 5011
-12881 5927
-12489 5947
-12664 6163
-12482 6218
-12081 6012
-12101 5817
-11764 6034
-11877 6324
-11664 6393
-12007 6523
-12007 6523
-11859 7016
-12020 7231
-11941 7380
-12160 7626
-12077 7925
-12666 8498
-12599 8737
-14139 9800
-14096 10914
-12986 10118
-12699 10156
-12165 9811
-11906 9352
-11959 9052
-11733 9017
-11127 8579
-10639 7618
-10630 7979
-11139 9890
-10838 10470
-9846 10972
-9850 10837
-9519 10814
-9555 10588
-9153 10382
-9158 10202
-9702 10125
-9603 9882
-9382 9665
-9472 9065
-9337 9061
-8923 8750
-9169 8545
-9969 8475
-10483 7825
-10420 7341
-10266 7488
-10225 7894
-10007 8190
-9702 8348
-8953 8178
-8810 7843
-8391 7757
-8545 7595
-8111 6891
-7799 7320
-6981 6908
-6463 6563
-6975 6561
-7250 6402
-7528 5551
-7747 5195
-8396 4578
-8111 3923
-6631 4082
-6795 3544
-7396 3619
-7503 2944
-6786 2685
-6932 2282
-6617 1656
-6591 872
-6781 515
-6622 270
-6625 150
-6943 83
-6628 -1
-6590 -273
-6157 -419
-5715 -205
-5333 -591
-5644 -975
-5776 -851
-5959 -952
-5845 -1211
-5939 -1329
-6222 -1216
-6719 -1204
-6427 -1558
-6232 -2210
-6014 -2502
-5533 -2559
-5103 -2826
-5345 -2850
-5380 -3060
-5637 -3084
-5718 -3323
-6095 -3328
-5891 -3605
-4608 -4119
-3988 -4617
-4008 -4797
-4535 -4784
-5096 -4920
-5358 -5170
-5593 -4923
-5745 -4979
-5160 -5672
-5671 -5644
-5849 -5504
-6677 -5483
-6606 -5666
-5439 -5996
-4968 -6415
-4553 -6712
-3907 -6773
-3823 -7032
-3982 -7344
-4299 -7954
-4114 -8395
-3893 -8597
-3869 -8853
-4058 -9165
-4707 -8606
-5096 -8521
-5599 -8162
-5929 -8093
-6493 -7747
-6616 -7865
-6080 -8104
-5826 -8201
-5488 -8511
-4994 -8659
-4670 -8923
-4901 -9128
-4939 -9459
-4555 -9740
-4493 -10269
-4058 -10942
-4200 -11195
-4697 -10610
-5068 -10375
-5261 -10264
-5330 -10006
-5833 -9662
-6313 -9590
-6601 -9643
-6368 -9965
-6917 -10222
-7364 -10015
-7646 -9873
-7714 -10172
-7568 -10372
-7753 -10518
-7979 -10512
-7793 -10923
-7652 -10716
-7392 -10557
-7137 -11181
-6873 -10856
-6358 -10749
-6496 -11438
-6250 -11249
-5921 -11362
-5807 -11606
-5126 -11503
-4632 -11621
-4428 -11882
-4187 -11888
-4130 -11408
-3576 -11542
-3462 -11801
-3642 -12384
-4094 -12373
-4233 -12505
-4270 -12790
-3651 -12745
-3490 -12900
-3584 -13079
-3303 -13266
-3360 -13732
-3526 -13728
-3546 -13938
-3906 -13869
-4003 -13550
-3999 -13369
-4136 -13441
-4191 -13244
-4434 -13328
-4744 -13064
-4782 -13380
-4966 -13511
-4818 -13590
-4514 -13492
-4410 -13570
-4508 -13869
-4732 -13788
-4516 -14170
-4806 -14343
-5013 -14157
-5469 -14311
-5457 -14432
-5095 -14426
-4786 -14705
-4971 -14881
-6411 -14634
-6624 -14719
-6832 -14624
-8430 -14056
-8828 -13699
-8788 -13324
-9059 -13317
-8851 -12855
-9200 -12922
-9497 -12748
-9487 -12372
-10087 -12251
-10950 -11250
-11480 -10755
-11238 -11318
-10846 -11916
-10638 -12614
-10510 -13491
-10102 -14059
-10102 -14661
32767 0
-14808 2390
-14519 2504
-14466 2216
-14097 1920
-14236 2391
-13946 2549
-13925 2172
-13650 1743
-13379 1737
-13364 1736
-13344 1917
-12996 1968
-12973 1696
-13082 1548
-13170 1038
-12371 1093
-12254 925
-12221 1045
-11780 1229
-11282 1262
-11718 1875
-11912 1941
-12261 3049
-11829 3445
-11992 2952
-11897 2558
-11470 2155
-11140 2087
-11014 2325
-10733 2092
-10549 2253
-10184 2364
-10050 2888
-10426 3530
-10385 4568
-10208 4383
-10218 3992
-9898 3562
-9728 3136
-9505 2995
-9513 2678
-9605 2636
-9592 1942
-9174 1796
-9094 1372
-9726 831
-9764 500
-9394 235
-9376 385
-9223 441
-8696 -129
-8990 -468
-8950 -665
-9466 -818
-10174 -815
-10648 -487
-11271 -109
-11223 -593
-11586 -659
-11621 -839
-11380 -830
-11432 -1115
-11038 -1034
-11275 -1450
-10991 -1533
-10766 -2186
-11943 -1644
-12816 -1019
-13088 -1058
-13156 -1357
-12975 -1377
-12448 -1963
-11793 -2296
-11504 -2182
-11514 -2574
-11309 -2805
-11374 -2969
-10966 -3522
-10609 -4329
-11724 -3111
-12009 -3074
-12477 -2534
-13002 -2446
-13088 -2248
-13326 -2136
-13467 -2344
-14489 -1068
-14687 -1138
-14667 -1560
-14544 -2045
-14430 -2289
-14595 -2285
-14906 -2051
