colortable Black51
        0.00    0.00    0.00
        0.00    0.00    0.00
        0.00    0.00    0.00
        0.00    0.00    0.00
        0.00    0.00    0.00
        0.00    0.00    0.00
        0.00    0.00    0.00
        0.00    0.00    0.00
        0.00    0.00    0.00
        0.00    0.00    0.00
        0.00    0.00    0.00
        0.00    0.00    0.00
        0.00    0.00    0.00
        0.00    0.00    0.00
        0.00    0.00    0.00
        0.00    0.00    0.00
        0.00    0.00    0.00
        0.00    0.00    0.00
        0.00    0.00    0.00
        0.00    0.00    0.00
        0.00    0.00    0.00
        0.00    0.00    0.00
        0.00    0.00    0.00
        0.00    0.00    0.00
        0.00    0.00    0.00
        0.00    0.00    0.00
        0.00    0.00    0.00
        0.00    0.00    0.00
        0.00    0.00    0.00
        0.00    0.00    0.00
        0.00    0.00    0.00
        0.00    0.00    0.00
        0.00    0.00    0.00
        0.00    0.00    0.00
        0.00    0.00    0.00
        0.00    0.00    0.00
        0.00    0.00    0.00
        0.00    0.00    0.00
        0.00    0.00    0.00
        0.00    0.00    0.00
        0.00    0.00    0.00
        0.00    0.00    0.00
        0.00    0.00    0.00
        0.00    0.00    0.00
        0.00    0.00    0.00
        0.00    0.00    0.00
        0.00    0.00    0.00
        0.00    0.00    0.00
        0.00    0.00    0.00
        0.00    0.00    0.00
        0.00    0.00    0.00
endtable
